255
876
114
192
625
463
707
853
471
456
701
15
127
20
616
379
857
678
866
168
741
865
787
57
713
81
393
289
307
330
947
562
206
413
106
184
877
814
389
700
622
90
715
749
110
683
480
319
361
699
487
455
564
626
864
277
707
258
919
14
588
218
928
147
632
386
331
861
200
720
561
822
162
628
924
272
312
756
943
25
455
430
480
371
408
345
649
467
955
920
833
543
138
761
42
770
499
373
983
700
445
544
874
607
525
798
231
189
907
526
214
362
308
47
86
716
392
735
183
347
7
16
242
145
129
285
268
629
10
251
681
808
148
555
767
673
706
999
214
613
525
428
327
834
827
413
902
219
500
86
918
507
454
161
653
936
798
921
565
808
524
246
616
672
153
384
697
859
735
911
472
612
692
152
798
871
565
701
91
66
139
361
573
945
874
226
881
672
499
798
833
24
396
801
48
550
537
98
761
272
361
234
237
53
738
35
925
303
88
368
369
579
81
295
525
956
873
406
628
373
557
461
749
953
615
149
855
152
247
617
777
609
203
14
14
941
401
291
244
842
11
966
421
93
261
298
49
134
57
29
859
614
491
960
919
458
110
775
610
709
392
387
670
947
753
685
888
507
328
484
701
340
450
122
785
63
773
834
550
830
863
761
796
706
722
715
164
184
842
127
245
586
866
916
533
972
953
421
479
281
258
180
973
60
654
758
124
779
944
26
609
160
787
757
218
861
473
735
45
667
862
291
254
728
559
787
700
512
561
531
793
819
63
119
231
70
229
707
849
174
733
459
686
873
568
904
734
393
991
132
61
853
775
315
934
334
102
986
846
15
518
991
186
933
110
418
3
340
125
853
866
211
664
904
84
232
808
170
626
152
302
687
5
77
2
291
411
456
278
609
824
148
601
10
81
63
780
437
755
906
290
973
469
306
877
553
538
38
723
516
190
378
203
547
455
557
839
219
366
469
180
190
617
133
552
50
197
333
487
304
239
129
278
60
435
507
613
326
545
688
842
87
418
398
635
226
955
826
797
673
295
977
863
264
111
768
314
660
101
154
964
692
635
594
752
423
102
717
749
999
757
591
87
176
989
74
402
297
900
199
970
195
176
186
459
639
954
125
299
407
631
616
99
267
562
851
690
16
920
791
16
677
382
455
853
724
881
255
373
133
454
343
328
983
881
139
974
187
616
274
594
248
242
45
867
156
896
909
173
816
700
541
846
434
348
699
510
229
307
883
362
761
579
42
96
460
533
71
0
501
697
594
749
291
640
968
447
888
229
972
57
929
513
903
716
861
954
226
442
261
462
156
375
41
550
471
853
83
894
853
585
591
448
686
234
440
7
682
680
236
6
737
518
520
992
234
733
947
812
528
560
274
684
935
315
235
759
521
670
653
374
607
597
174
294
831
614
653
865
647
889
872
736
407
744
729
993
829
28
158
357
940
432
394
876
100
981
635
621
651
288
347
259
237
522
905
69
488
558
286
135
447
158
872
207
254
953
552
84
333
710
441
273
495
835
149
947
816
136
920
820
425
267
431
662
141
336
83
630
246
370
765
45
880
637
252
135
590
157
219
923
867
12
197
714
848
698
13
16
835
933
188
612
553
619
626
694
955
710
676
201
432
442
247
312
79
851
447
22
360
18
297
580
31
846
294
231
545
308
599
732
593
788
344
498
407
322
545
715
32
221
916
816
663
515
129
95
719
928
469
79
299
118
659
330
965
306
913
862
966
512
594
911
300
290
410
708
612
307
775
997
528
691
813
544
559
294
991
630
575
812
61
874
930
721
204
895
379
469
757
345
981
703
256
634
993
18
342
958
325
117
955
206
160
120
750
71
767
93
701
342
905
763
216
835
836
772
731
215
241
840
560
574
544
168
208
889
187
902
847
512
371
154
718
532
627
820
955
394
913
9
88
818
124
656
654
960
780
737
527
21
577
439
947
473
607
156
363
146
58
562
11
430
69
81
314
48
902
621
794
167
630
882
338
754
890
344
66
670
81
945
43
10
736
990
484
696
146
199
842
557
113
205
987
534
287
653
582
541
274
728
60
257
962
398
363
852
742
782
522
175
727
917
538
816
908
22
512
406
573
354
963
38
912
302
573
199
955
507
92
582
236
152
839
198
551
554
403
645
336
925
173
416
843
711
232
103
85
744
509
658
450
473
48
362
775
973
913
83
481
5
17
69
158
208
619
61
762
22
706
451
948
879
867
143
942
451
246
27
547
755
37
349
580
86
712
708
59
977
143
892
983
160
961
493
720
581
554
482
603
612
933
903
844
152
398
786
603
644
814
502
752
851
852
684
289
916
392
701
893
887
593
228
47
907
721
767
840
627
602
795
240
887
51
436
40
449
222
995
446
388
850
198
592
702
882
881
618
627
934
863
514
880
92
914
787
813
33
979
441
635
126
33
875
177
469
267
979
43
262
425
432
112
975
24
166
209
257
784
836
192
648
703
72
92
969
211
905
2
542
698
990
668
83
217
198
904
484
177
948
746
954
380
211
929
756
729
138
13
514
327
557
514
382
629
606
351
192
863
705
734
914
47
755
349
264
305
254
748
482
202
847
436
934
410
717
690
139
855
55
5
182
613
871
564
242
829
267
787
45
973
521
959
372
628
660
637
933
914
737
767
468
936
203
402
346
272
444
838
128
500
195
662
113
67
579
707
896
846
494
941
171
368
252
544
348
265
533
282
179
270
401
648
559
957
402
257
229
847
95
357
699
291
20
164
710
599
223
958
797
718
252
969
438
504
513
138
769
398
772
301
20
174
301
579
131
55
837
360
254
284
70
953
927
442
117
637
41
341
596
190
411
848
159
201
704
24
691
826
422
464
127
443
990
780
374
121
835
563
833
90
848
903
43
775
345
513
413
738
206
361
929
969
209
440
522
913
465
213
91
239
677
570
34
667
350
409
140
186
972
974
628
172
229
671
948
927
536
713
17
94
74
946
63
635
739
585
900
204
799
992
443
828
562
830
496
265
239
988
451
563
314
79
736
544
102
36
471
991
101
840
85
527
787
149
162
878
734
62
82
885
406
877
714
321
707
562
586
298
550
37
214
865
468
302
761
922
690
584
913
791
424
999
318
563
148
832
441
234
246
875
120
653
105
186
974
812
748
560
463
650
949
677
867
769
331
980
691
21
564
605
812
989
956
482
904
456
314
346
690
560
573
162
565
678
700
891
843
448
451
306
451
752
335
670
521
666
651
213
687
215
170
851
556
126
333
461
582
999
159
624
911
732
787
477
763
487
368
606
288
172
264
91
924
599
761
798
617
412
11
656
628
533
507
536
659
192
349
593
191
508
217
454
593
356
931
356
196
652
314
836
824
578
927
748
529
40
898
498
453
909
154
433
794
13
969
453
557
671
398
100
179
968
554
124
324
486
832
872
138
498
60
314
76
339
414
957
380
313
807
185
574
313
618
369
678
939
174
235
610
573
335
142
541
890
266
217
728
451
90
218
949
150
532
378
490
298
687
222
611
495
407
186
160
25
555
839
316
729
74
927
654
762
421
195
4
39
413
732
490
855
302
440
357
834
170
199
132
857
421
96
704
828
282
865
205
189
704
522
270
778
801
925
892
574
472
896
613
237
628
456
92
930
248
802
116
418
1
601
275
423
697
332
603
331
197
161
872
901
35
142
31
188
419
924
762
892
172
375
129
801
831
574
83
79
376
552
849
377
505
477
152
554
809
108
237
6
269
109
259
304
603
642
492
23
566
606
267
739
333
748
892
517
322
327
596
50
231
798
780
736
275
932
290
436
392
879
442
661
988
53
317
592
695
161
967
614
767
234
705
101
982
597
618
657
276
566
707
508
364
487
596
991
772
239
427
164
118
221
178
459
274
495
51
970
657
18
584
424
604
289
525
938
238
495
595
514
62
655
374
778
142
323
770
266
914
197
431
32
771
609
491
45
456
894
15
113
264
951
890
868
240
415
159
478
263
754
345
325
761
71
103
904
746
225
522
660
775
305
693
546
266
536
591
723
783
959
836
47
910
726
268
151
494
427
981
757
533
678
434
295
750
889
551
496
115
73
509
242
731
202
788
997
90
731
720
873
690
909
273
953
987
893
104
833
320
437
590
205
468
376
500
218
266
403
66
733
829
927
975
560
481
115
557
572
846
630
797
889
539
422
842
526
315
298
360
635
87
302
193
555
31
693
125
649
449
544
382
278
471
709
838
953
824
395
525
22
25
674
911
916
97
105
795
412
403
155
400
491
809
593
46
840
638
172
841
87
716
223
365
187
284
203
492
460
951
17
483
328
44
746
245
141
852
40
905
607
547
305
450
708
250
849
901
241
21
742
328
89
966
46
628
602
601
121
63
552
490
898
881
534
644
478
27
848
518
933
808
417
590
258
125
193
107
26
434
480
769
114
569
87
160
550
689
762
23
104
666
513
2
899
400
999
377
779
847
247
64
655
16
655
266
142
848
373
520
634
854
641
748
775
728
909
677
770
23
700
226
689
566
229
589
318
228
318
97
427
918
162
435
934
169
701
76
17
74
949
651
280
590
399
56
671
660
85
793
683
786
19
725
352
600
666
22
180
984
119
608
902
281
43
189
802
744
617
819
170
566
822
451
157
574
859
180
234
296
973
270
82
344
995
786
945
661
808
125
997
280
85
252
913
480
441
716
576
58
887
747
977
710
550
486
636
761
666
222
57
991
492
492
335
839
278
632
852
439
758
202
719
195
806
984
676
247
700
252
657
588
999
986
650
901
472
286
14
138
508
72
129
353
564
817
544
194
449
749
985
559
951
56
755
757
41
431
356
741
683
365
681
35
352
331
936
176
617
951
315
478
375
796
183
291
965
727
837
415
476
823
974
779
231
729
536
272
512
244
366
196
610
47
583
314
731
519
490
700
822
157
178
549
306
361
192
271
441
30
38
269
205
13
49
436
94
937
61
607
182
427
155
144
826
738
458
557
609
300
258
784
458
788
333
764
502
526
387
943
908
426
564
465
791
613
901
885
903
962
844
437
741
999
581
920
737
391
477
347
691
87
483
149
876
168
265
378
46
5
673
954
431
237
419
222
203
673
459
458
987
304
895
81
303
476
1
393
219
478
92
910
918
575
412
794
743
677
524
790
682
197
96
465
786
868
39
341
541
499
799
528
155
694
609
810
522
962
203
741
441
647
4
359
222
416
505
318
93
29
460
128
226
556
945
364
776
985
706
317
836
857
198
991
904
159
801
426
122
357
520
915
4
524
274
579
940
131
897
385
160
709
865
738
617
811
102
394
148
160
63
984
18
261
327
922
421
480
700
895
837
220
810
842
96
436
421
388
567
670
126
79
379
991
817
996
802
271
742
302
432
806
286
450
67
613
372
840
446
424
87
283
645
897
477
93
333
250
482
252
920
960
331
651
951
500
0
106
772
94
408
204
900
695
6
320
660
730
512
106
154
600
742
151
497
219
597
183
470
431
787
742
391
119
746
342
971
98
448
743
192
857
299
445
904
305
765
916
387
277
23
542
877
117
45
727
336
642
910
158
73
697
253
464
168
351
807
140
449
607
235
993
464
535
438
720
192
203
637
580
833
12
122
710
129
519
437
817
162
699
328
235
749
581
700
917
932
859
409
733
466
645
726
283
180
517
355
372
72
992
304
905
356
426
968
837
298
757
7
460
457
335
695
558
268
747
475
552
958
237
285
425
882
363
60
414
232
415
138
305
760
443
210
468
221
530
306
519
288
313
979
97
0
27
655
268
126
130
820
85
719
457
862
601
820
274
15
53
689
154
710
801
597
920
270
818
451
928
690
91
593
669
188
593
696
843
861
175
325
681
260
45
138
474
646
310
748
14
715
789
520
425
591
469
698
213
639
149
141
329
240
734
999
780
327
47
623
540
222
948
221
834
345
711
308
344
21
56
358
89
846
230
514
789
699
212
2
338
713
495
20
305
581
19
85
260
418
708
800
993
9
373
179
354
436
488
698
457
896
408
546
742
638
413
883
689
625
885
380
339
732
400
644
313
771
82
573
189
790
725
534
799
98
714
506
534
554
204
344
450
613
242
545
603
7
428
293
633
666
673
324
398
73
320
64
844
402
989
385
545
715
272
696
165
986
202
52
892
759
748
342
724
342
887
327
350
668
972
335
686
645
659
84
70
331
500
266
86
490
652
631
557
276
679
74
614
234
126
506
993
226
848
717
569
88
396
271
108
369
606
794
366
617
230
437
948
731
703
386
573
707
369
130
983
49
204
597
283
683
103
628
909
304
345
830
744
93
101
852
462
707
646
829
324
228
618
625
959
321
363
532
381
733
14
716
782
571
666
417
254
121
45
515
425
742
346
169
835
447
373
650
507
371
479
183
600
97
808
559
770
172
444
503
257
810
220
391
381
886
808
987
7
205
503
785
947
201
306
134
0
680
784
507
51
615
691
3
712
851
563
835
375
359
338
984
169
910
375
903
148
535
242
508
740
745
293
39
298
951
174
651
983
310
158
387
926
201
390
990
405
305
825
132
664
516
117
186
778
492
441
927
28
683
435
120
781
80
160
79
383
686
730
367
996
241
754
922
794
144
265
551
450
90
684
466
958
153
4
737
997
445
16
25
129
451
498
910
883
10
341
266
696
424
985
44
17
739
319
811
236
584
363
38
26
399
504
985
552
861
74
549
306
90
927
435
893
777
697
128
787
391
746
835
815
732
879
184
823
550
995
411
486
710
449
513
461
306
850
13
167
276
915
825
366
194
261
611
971
310
739
110
53
485
945
868
569
176
52
745
79
400
156
565
462
958
430
924
264
632
289
783
908
556
608
626
750
221
237
73
884
328
183
937
166
128
158
735
657
562
480
736
962
637
301
777
595
84
701
211
716
990
346
625
547
954
603
649
176
841
723
412
521
258
349
687
739
507
423
396
70
255
132
384
892
785
161
839
869
862
402
938
205
748
915
104
703
518
753
231
711
828
643
233
87
344
920
826
852
695
574
922
951
58
658
195
843
820
387
65
34
141
355
239
890
270
695
945
788
801
528
852
629
523
85
68
867
357
894
719
405
820
993
708
878
652
255
74
824
642
139
858
784
494
450
26
116
145
971
904
946
851
756
928
374
193
996
241
903
243
313
308
415
658
16
294
662
271
368
486
266
859
697
402
353
147
428
821
644
751
725
943
602
834
223
976
379
571
569
634
814
234
942
230
893
310
876
555
934
244
394
200
103
91
954
808
590
382
629
234
485
706
529
87
892
752
415
624
324
336
258
490
571
553
72
464
863
948
371
797
544
765
349
647
856
655
807
446
37
788
33
874
847
562
313
739
667
728
715
343
65
974
833
988
527
258
452
390
206
175
540
103
941
241
102
149
897
910
948
286
50
981
513
897
895
826
989
914
555
704
257
972
678
91
960
205
701
764
948
259
939
840
362
232
433
465
382
682
727
682
321
777
663
834
27
910
660
16
825
567
720
434
891
399
877
851
956
578
967
256
838
259
448
200
843
882
17
577
916
744
259
237
874
274
71
901
537
84
269
714
651
989
148
895
740
26
98
697
604
66
305
442
677
754
995
520
988
12
98
904
109
709
142
983
984
565
236
521
1
505
235
5
494
735
900
235
761
998
284
366
416
589
160
93
695
155
966
683
520
416
588
629
125
82
612
461
647
200
334
1
57
921
6
551
657
906
138
770
256
774
136
673
716
649
118
411
804
436
95
324
852
683
305
330
765
917
143
764
469
830
117
526
751
123
430
760
381
920
883
638
695
19
663
411
20
133
174
177
570
269
501
422
304
807
104
421
76
248
538
898
430
655
424
533
779
206
294
512
127
177
502
174
548
517
937
921
651
111
98
221
733
951
995
37
110
100
811
187
700
349
437
130
4
213
663
135
420
309
0
547
838
502
721
739
20
658
660
23
121
110
244
854
61
239
892
172
691
55
711
743
404
148
225
760
361
241
248
133
550
248
680
741
102
753
832
474
411
844
497
885
954
741
739
367
333
631
539
376
686
250
120
442
750
345
555
464
586
803
597
489
403
278
582
505
383
414
332
147
610
829
32
916
923
771
283
608
755
823
984
793
425
104
236
176
450
791
640
388
946
237
877
349
867
459
206
251
225
890
398
835
72
430
103
995
553
387
955
308
562
939
102
339
396
690
515
198
833
507
586
779
97
816
480
316
275
686
567
501
577
317
688
1
99
144
348
653
883
303
961
445
594
415
784
990
105
652
540
938
511
127
717
608
943
197
925
570
236
844
423
165
514
464
166
613
608
514
266
491
169
580
288
763
995
72
106
453
76
646
391
940
773
461
900
68
10
177
991
598
22
414
115
536
878
281
501
486
147
768
329
316
700
617
432
47
42
538
500
118
184
892
410
310
705
311
730
67
488
721
666
510
136
781
398
14
415
900
853
914
20
182
583
72
152
15
119
194
905
620
664
89
864
75
751
569
386
482
988
874
203
654
737
691
788
487
58
203
387
911
117
759
445
52
831
597
67
951
143
972
571
808
414
787
883
165
708
269
647
696
495
203
351
232
894
139
720
952
694
459
215
163
219
13
216
402
962
635
353
106
608
276
914
374
63
149
539
123
770
539
820
617
94
523
202
988
14
274
293
708
733
860
223
304
873
439
707
188
75
412
294
35
41
560
761
104
61
652
580
831
543
400
448
637
275
650
978
289
276
271
349
10
131
572
666
357
364
725
545
791
138
191
178
531
103
939
987
164
943
567
347
487
967
147
124
594
150
102
883
426
725
584
788
857
509
455
566
873
180
111
16
670
654
546
201
757
837
189
273
780
108
620
267
76
119
744
22
269
846
258
696
572
842
484
781
351
291
347
576
824
810
944
846
464
490
48
573
327
589
846
460
697
818
727
125
937
823
148
559
670
406
255
594
600
91
375
304
735
74
232
559
884
177
405
700
19
805
625
699
746
823
159
444
641
238
921
930
62
421
489
84
179
96
678
780
188
405
436
923
479
668
834
715
197
239
415
217
397
392
916
143
215
427
939
856
665
861
138
79
282
628
163
814
724
193
946
264
598
382
539
77
50
373
792
248
965
559
817
362
951
733
857
166
160
797
374
177
658
513
609
292
141
772
106
217
966
52
482
564
786
373
994
837
747
786
437
64
698
254
778
649
987
635
816
499
432
542
28
442
55
637
735
548
762
193
766
728
598
600
644
384
973
638
573
72
777
10
136
475
264
266
124
603
902
292
454
334
835
483
777
890
472
864
791
234
409
557
962
7
509
959
744
482
597
317
907
726
328
395
201
944
662
678
548
564
970
2
250
157
485
27
400
310
