384
950
941
184
260
965
183
214
21
286
848
258
856
447
242
680
94
267
303
522
147
813
591
365
889
200
150
903
373
453
174
757
403
115
293
15
432
828
582
806
114
430
64
322
877
658
354
323
278
657
197
425
822
788
142
712
988
292
967
713
97
142
822
853
609
115
868
394
295
802
200
409
233
264
83
462
275
789
138
553
447
335
978
621
124
120
333
464
412
301
530
861
795
352
714
756
820
935
150
115
737
350
877
970
967
960
433
242
750
923
795
549
258
125
170
734
245
856
551
9
509
81
870
304
785
937
60
605
872
211
73
609
913
950
932
880
262
717
122
364
640
917
913
898
394
436
633
639
292
184
0
153
265
223
457
402
160
869
8
32
432
81
993
346
383
925
226
645
642
701
10
282
970
275
181
365
711
166
4
355
350
357
508
967
580
317
369
92
187
729
476
971
810
469
669
545
395
896
191
389
949
201
672
919
476
205
284
540
371
641
895
721
350
756
40
282
73
409
374
612
139
850
936
301
671
605
847
418
853
390
808
802
943
832
74
771
37
710
311
408
351
559
481
53
667
521
335
92
282
709
57
773
911
993
75
583
950
274
353
804
664
161
958
959
993
32
730
382
95
394
142
446
953
623
500
972
496
835
64
779
897
121
552
160
466
979
95
417
605
449
573
269
610
531
580
956
916
311
690
11
705
833
809
10
808
661
982
305
849
398
436
98
520
340
258
338
672
354
755
277
803
680
899
765
564
479
73
480
790
764
843
847
949
4
857
757
18
191
414
219
590
202
317
462
895
575
800
567
281
556
844
84
236
95
202
152
575
627
984
717
743
827
917
692
184
774
802
554
318
216
773
908
771
90
370
666
17
522
233
299
430
429
735
667
525
289
819
452
917
156
521
660
983
438
705
519
565
507
73
883
723
198
143
846
288
865
512
306
387
97
957
818
527
692
837
404
982
8
208
251
164
729
911
500
168
616
371
733
123
797
968
199
995
463
45
284
328
910
942
715
7
899
885
534
943
722
290
925
83
498
528
247
228
440
99
748
408
471
833
884
268
153
83
263
616
480
899
944
390
841
11
750
92
249
636
36
323
927
313
406
425
842
6
5
634
105
105
42
928
938
926
196
91
361
812
59
842
711
3
584
905
367
334
997
616
971
33
939
898
699
698
675
541
704
33
175
161
490
217
442
429
496
638
872
857
802
284
699
514
639
636
771
6
970
768
974
293
154
266
543
853
964
219
746
20
604
921
533
94
490
975
875
986
966
100
196
768
384
895
634
23
531
405
382
854
526
356
147
680
974
691
533
290
262
279
662
218
552
196
664
394
523
540
733
489
992
929
610
728
824
244
751
708
2
485
914
528
842
413
208
168
104
93
459
718
724
121
936
628
669
601
22
193
493
755
34
837
684
644
565
861
889
316
921
243
802
835
771
996
248
331
516
705
424
975
423
500
449
712
128
118
665
150
663
510
906
698
347
942
342
912
803
583
580
724
826
734
911
949
82
512
280
599
217
56
926
992
556
375
56
684
846
721
835
509
583
93
207
930
35
550
194
191
133
127
267
312
861
179
261
296
691
894
895
260
950
173
252
507
549
309
543
395
382
730
904
318
823
464
248
211
14
795
402
499
274
669
163
135
200
777
783
243
671
30
503
621
204
756
480
753
417
24
500
151
754
756
469
930
220
70
141
586
217
895
438
491
916
953
978
117
730
762
360
401
792
216
375
996
972
207
101
741
583
601
244
338
710
714
620
930
136
113
869
353
8
659
196
924
612
174
393
343
936
106
96
81
322
823
429
646
31
531
739
614
484
983
304
194
49
924
477
537
37
346
242
397
357
438
674
969
613
419
664
901
525
761
334
199
936
764
845
967
647
936
934
131
920
590
326
321
867
155
859
904
853
101
654
210
892
328
179
505
747
844
758
625
957
93
824
893
209
22
213
856
958
147
987
230
89
665
552
956
172
411
213
25
864
867
235
756
547
767
613
646
963
724
271
920
169
448
165
378
822
378
586
780
877
925
11
967
591
563
275
763
326
488
141
542
355
376
651
254
143
264
901
106
988
524
378
157
324
544
887
146
274
473
927
504
399
290
823
342
205
98
457
531
939
598
425
294
327
76
901
822
693
802
281
681
678
659
191
3
555
430
149
182
256
428
38
655
718
861
349
923
311
806
806
250
757
232
897
436
660
798
258
353
952
539
387
630
199
930
985
106
360
487
288
616
915
326
623
986
539
972
909
851
131
716
453
240
300
350
676
960
500
934
666
452
474
53
435
25
983
420
483
695
907
772
312
175
450
287
161
990
612
70
193
95
138
646
335
790
349
11
751
849
297
417
654
123
822
89
500
805
861
984
500
769
108
164
944
558
804
457
900
416
527
93
511
18
92
198
808
441
561
911
642
858
680
648
982
502
737
834
659
599
818
160
720
926
676
16
837
832
473
737
248
352
831
111
370
275
309
531
68
870
442
710
81
475
359
415
977
448
249
637
399
420
149
119
346
177
135
535
10
960
273
610
313
456
722
35
731
383
566
799
606
361
861
687
836
572
454
165
21
703
802
420
123
303
892
822
481
379
357
491
340
982
453
5
438
527
392
169
263
311
320
869
672
182
908
860
106
362
25
127
417
828
900
541
131
144
715
964
523
424
807
215
407
261
572
845
788
965
367
51
628
687
272
300
221
180
512
328
894
537
807
312
717
59
205
849
203
920
165
79
696
973
646
103
586
571
949
726
888
668
130
516
355
402
816
929
935
680
257
181
217
416
845
935
476
50
136
31
322
301
462
19
626
109
122
212
680
423
291
568
443
421
436
799
175
604
80
462
284
689
644
501
105
489
436
933
892
924
317
214
226
779
585
204
240
708
417
272
483
60
192
927
481
628
78
8
232
510
471
516
199
467
18
656
308
806
942
552
731
259
767
309
390
352
513
983
412
282
255
248
342
448
527
175
428
957
536
661
467
359
177
666
826
547
674
486
706
616
39
789
227
158
98
618
862
963
601
627
246
208
875
940
8
402
468
437
711
4
98
178
363
627
844
541
527
870
27
233
487
418
374
714
576
472
684
791
435
637
418
33
846
293
974
206
47
442
643
758
798
741
288
161
721
484
702
248
354
81
833
841
500
207
908
428
31
944
219
466
934
989
852
132
634
178
338
33
972
982
143
770
723
431
931
796
915
985
44
270
66
229
463
918
436
723
699
819
20
270
638
954
260
490
86
894
668
424
928
640
406
71
410
482
855
693
278
770
678
675
392
96
256
208
367
45
931
66
864
951
688
502
257
948
992
343
195
12
768
475
652
526
898
414
360
753
459
991
876
137
18
268
586
274
828
953
319
112
371
184
63
59
38
673
360
31
16
907
395
136
382
400
15
632
814
375
738
274
718
966
763
736
586
701
11
415
654
330
527
377
866
942
437
905
615
797
288
984
704
683
120
438
435
487
422
250
215
512
876
933
478
991
670
65
45
33
480
699
715
7
77
582
301
866
839
917
15
479
901
71
514
373
861
950
861
283
552
428
796
780
361
274
771
31
339
816
416
171
868
132
530
297
714
832
163
905
749
530
384
2
601
898
375
462
200
588
745
752
368
893
532
730
520
656
113
211
824
530
383
44
662
913
341
728
745
856
633
846
386
369
848
339
619
576
801
820
516
899
572
237
144
457
967
664
113
432
876
937
962
259
982
976
524
675
56
622
884
41
820
622
410
21
962
382
949
115
202
817
14
126
54
159
583
21
823
696
806
51
986
120
662
320
97
187
347
153
161
231
195
981
206
957
2
168
339
303
635
893
121
650
20
175
161
603
549
336
652
355
388
990
475
402
662
924
589
361
78
102
945
625
84
151
934
438
671
626
742
306
519
863
308
539
390
821
495
939
158
499
294
898
841
122
300
503
46
242
216
476
344
161
453
780
312
388
219
983
366
313
642
885
528
950
777
918
772
272
210
282
123
856
180
964
978
832
819
377
426
387
853
771
549
659
903
861
47
474
197
413
787
839
650
315
141
427
586
913
51
796
195
174
652
727
490
983
912
661
360
338
49
213
461
950
872
365
163
271
839
360
36
627
551
687
294
693
466
880
958
518
28
154
44
681
233
887
664
145
900
376
484
301
941
945
251
814
662
415
437
502
127
826
129
679
865
775
724
331
8
682
201
36
188
598
69
422
485
85
919
737
461
403
39
403
701
642
569
363
409
358
217
537
184
698
568
401
474
292
85
482
326
286
870
515
236
940
937
73
377
856
811
839
612
202
594
665
196
163
380
606
521
598
495
58
296
415
459
122
707
544
604
385
183
827
900
419
767
189
493
144
46
656
335
10
858
929
27
54
444
407
12
318
357
507
376
6
922
187
128
981
84
85
367
619
912
619
390
31
809
883
527
855
891
863
217
749
144
244
156
589
651
168
907
361
28
635
367
950
174
495
284
258
580
3
229
844
622
620
875
431
855
403
638
747
618
855
848
114
99
4
703
103
525
962
816
553
949
183
855
124
678
491
734
611
494
964
455
117
584
683
900
439
438
539
186
56
394
35
170
846
391
226
301
916
540
117
821
490
652
29
614
682
520
348
293
15
664
101
484
248
784
384
688
222
923
226
630
670
613
152
868
357
378
521
625
919
638
447
761
642
828
375
324
348
75
970
363
740
71
847
340
207
232
380
781
507
607
763
177
572
915
397
281
646
918
907
565
908
706
326
550
534
53
875
882
480
845
598
220
268
445
561
475
29
941
608
537
900
371
66
825
638
464
106
284
382
13
201
291
719
527
841
605
932
716
488
413
913
438
985
181
883
898
8
913
840
616
802
92
339
868
917
978
332
24
262
715
389
464
6
461
343
199
66
628
916
906
41
829
344
378
363
580
277
371
845
117
340
647
561
679
515
479
657
848
855
272
915
244
88
921
57
783
120
124
411
388
382
804
570
79
183
933
659
460
656
504
929
996
151
842
28
666
673
37
866
528
309
781
125
749
54
182
533
527
658
296
267
41
101
837
120
636
122
131
448
131
635
729
479
786
571
507
804
245
545
23
125
206
156
250
956
563
785
489
90
795
137
709
836
590
899
308
226
373
791
674
504
426
755
984
564
327
491
721
924
388
96
49
595
252
652
551
815
789
392
257
584
529
319
773
120
218
433
698
591
225
725
448
651
480
432
568
159
275
289
83
664
385
485
259
989
137
162
157
926
554
766
510
435
85
283
907
303
717
606
895
942
331
343
945
811
127
865
323
754
506
406
418
891
891
29
233
380
543
390
306
449
156
169
885
594
804
792
897
521
750
144
815
433
839
113
597
318
978
920
73
485
326
843
728
570
225
313
950
768
703
609
218
212
778
455
806
582
599
55
456
350
552
623
783
391
736
380
710
67
300
135
552
979
978
632
549
203
946
499
972
1
108
542
565
238
997
723
821
596
779
629
946
683
252
82
74
341
462
136
408
115
271
312
94
602
944
995
805
242
846
129
244
307
671
809
545
20
885
718
617
664
347
915
347
952
997
773
293
812
262
53
927
885
365
373
487
661
368
645
256
214
126
500
521
150
661
419
170
546
137
787
562
837
55
261
789
52
387
434
864
1
487
143
886
204
868
726
865
236
723
121
803
201
973
676
351
987
95
874
885
585
13
800
774
68
413
915
121
152
349
337
153
188
833
392
392
701
118
609
290
193
83
445
394
408
121
98
395
569
972
633
506
985
785
280
54
198
195
527
351
896
216
504
84
401
896
828
103
366
789
745
559
872
190
306
633
663
404
28
584
376
13
90
713
798
722
119
997
269
998
700
165
215
556
601
616
453
429
71
171
219
168
83
443
710
389
76
726
793
457
310
521
470
753
234
621
475
706
970
745
704
670
262
271
226
864
888
31
293
311
555
864
832
638
308
542
27
736
268
172
193
931
693
16
684
279
637
511
985
959
608
42
629
871
313
207
87
553
591
732
865
146
597
49
784
257
591
811
993
212
335
539
143
28
555
179
659
544
42
997
503
3
39
132
874
352
691
313
906
282
45
123
428
994
172
564
251
115
727
597
679
62
136
174
442
691
353
102
587
748
99
90
751
490
574
977
842
265
290
100
900
335
223
680
330
747
245
933
863
972
530
542
35
666
69
829
709
422
931
296
522
382
386
273
872
312
250
67
578
540
167
830
228
391
510
910
138
755
843
353
80
726
248
467
744
317
296
454
91
580
102
614
962
841
887
187
153
490
254
83
382
421
913
610
164
424
872
655
531
68
360
963
794
608
430
538
925
79
344
369
659
447
983
621
640
222
160
145
712
414
229
447
188
142
409
704
918
282
359
802
350
720
765
144
680
196
34
958
275
379
327
286
178
662
259
818
884
420
963
949
186
192
396
374
687
805
431
957
439
790
759
789
862
877
285
543
73
320
501
700
699
180
986
877
842
597
695
726
17
10
27
204
555
423
930
594
581
361
903
20
504
663
162
718
540
447
261
965
119
114
17
818
294
355
47
136
952
94
215
322
105
242
526
12
18
808
606
951
522
509
323
26
524
485
744
416
285
358
733
756
472
750
927
119
457
974
607
410
421
822
732
878
417
610
890
435
418
848
738
940
357
61
318
234
899
415
2
536
773
736
292
597
838
571
716
296
546
676
58
967
498
790
197
267
752
87
54
170
935
792
463
644
206
133
878
457
548
881
993
321
969
637
919
807
209
987
103
107
15
161
426
866
303
623
133
55
62
188
578
997
332
41
993
538
174
872
347
75
105
692
396
426
330
667
233
891
7
689
350
22
202
128
888
506
103
22
913
165
562
491
514
894
884
507
785
411
731
132
486
836
825
234
262
507
902
848
750
261
889
452
283
91
580
172
949
683
546
215
200
108
706
714
354
943
221
491
706
953
624
544
141
801
778
756
660
32
956
762
293
845
214
929
936
146
101
238
181
647
453
381
107
511
95
461
454
668
953
512
621
929
408
115
82
539
871
94
571
827
856
217
672
70
146
960
216
599
198
397
246
3
130
705
515
225
518
321
893
823
834
867
752
242
982
186
781
205
280
705
32
136
922
56
558
420
368
126
19
919
875
617
922
5
322
437
582
840
759
476
664
593
695
768
187
677
307
321
234
587
26
266
76
300
674
634
72
42
113
91
961
988
60
236
994
382
673
576
574
432
404
590
377
451
711
917
128
18
238
714
605
616
332
33
268
6
20
340
401
133
783
714
121
843
950
467
577
624
396
503
408
800
94
786
252
157
703
732
175
293
799
132
261
131
166
529
138
186
221
891
319
4
957
792
199
908
260
776
884
656
631
292
808
77
430
412
234
485
497
409
130
296
542
391
427
60
272
917
246
493
160
917
849
118
709
48
378
321
176
262
329
808
906
138
885
689
902
120
526
751
881
657
399
775
400
827
835
673
96
433
166
257
350
368
375
412
416
753
733
945
367
63
753
625
553
990
314
807
462
841
911
696
850
310
471
250
137
307
275
586
92
442
843
443
810
570
207
578
675
292
523
42
707
628
667
260
971
334
420
785
527
331
481
377
641
953
979
131
612
255
717
704
49
912
499
211
482
706
789
509
351
665
551
58
645
570
671
968
256
91
754
783
774
235
160
415
540
492
898
152
747
615
209
796
879
708
359
713
767
148
222
470
165
125
528
163
48
199
131
304
290
885
88
64
473
600
832
13
92
730
518
191
698
727
339
929
787
698
643
906
199
217
376
364
343
905
527
391
456
11
695
747
896
135
163
369
736
347
735
180
430
253
372
480
980
711
409
119
762
404
26
961
974
754
677
317
11
557
60
468
568
107
215
464
595
730
186
331
430
921
863
860
526
235
692
506
299
453
977
61
858
355
374
184
110
51
853
121
608
913
589
176
372
156
993
967
239
531
650
669
804
514
881
330
101
573
188
752
378
165
813
588
521
187
772
631
591
625
104
551
890
694
80
615
202
73
934
441
956
585
462
760
451
343
90
904
268
278
657
999
443
822
587
964
362
360
947
953
337
404
504
228
98
584
843
652
9
777
446
965
714
908
725
517
604
815
422
224
93
431
223
889
253
811
205
615
523
505
568
212
909
425
440
359
361
635
11
371
765
457
688
831
718
414
349
322
581
123
546
27
554
122
268
807
285
473
775
160
978
343
372
239
120
813
598
482
800
962
205
565
771
893
397
489
659
98
163
593
221
710
620
127
184
888
286
469
713
61
629
44
757
353
283
877
166
234
711
319
196
916
884
319
162
633
809
173
731
972
766
304
34
738
783
570
978
70
39
692
131
20
88
240
374
723
470
892
957
181
563
505
450
448
825
964
433
986
137
517
310
256
173
345
994
957
915
973
27
307
17
510
679
457
103
53
180
573
298
490
754
861
347
556
661
524
520
447
510
10
964
173
266
489
518
260
446
785
585
825
444
954
688
124
411
791
529
944
364
827
786
470
41
133
27
54
658
899
501
520
909
465
693
175
955
563
788
753
701
725
579
145
680
267
621
443
410
151
739
774
330
525
244
723
11
623
778
669
523
279
541
432
97
587
960
404
150
748
157
851
473
88
349
505
707
322
949
117
473
40
891
156
566
488
879
577
111
9
598
634
289
491
419
738
78
379
142
229
479
651
432
304
740
133
810
447
456
111
917
281
151
160
789
69
648
21
646
112
30
596
98
671
88
517
409
166
248
551
747
727
203
532
32
295
17
194
742
473
305
11
107
808
172
896
878
820
917
876
932
948
473
383
619
913
900
381
431
501
932
531
580
487
63
964
782
432
158
877
258
815
888
365
624
60
261
502
233
531
378
517
479
203
900
450
116
153
831
900
654
116
431
234
955
846
551
90
278
709
967
536
525
207
253
149
620
515
3
853
46
381
722
877
937
623
679
405
776
511
305
782
979
88
368
934
934
919
24
565
629
343
453
506
903
707
7
523
574
10
728
620
743
450
849
680
73
528
438
201
391
743
335
370
184
704
305
118
623
681
35
604
25
489
462
928
196
469
803
770
831
531
742
575
981
591
607
407
119
45
608
511
141
296
233
325
0
890
795
975
572
831
932
949
320
394
229
516
216
32
638
47
915
380
974
248
971
582
655
442
979
616
305
120
912
891
445
264
781
593
239
353
424
523
654
744
270
235
612
486
619
250
885
534
630
860
783
953
442
790
747
421
758
405
894
670
296
691
286
77
284
878
783
708
401
789
804
671
25
416
509
644
666
747
179
648
607
314
953
401
456
701
174
215
458
68
237
754
112
524
183
396
402
318
457
155
108
261
179
133
30
40
777
696
787
308
697
746
974
650
147
431
703
674
998
513
94
235
267
206
111
803
955
865
121
764
21
229
25
552
714
407
592
492
456
732
152
153
478
479
155
978
910
211
652
260
724
746
847
992
305
959
147
260
176
268
24
197
850
401
101
564
809
46
408
265
778
561
770
256
40
925
234
302
136
238
562
861
985
409
205
290
720
352
902
897
972
278
446
822
31
548
387
840
594
795
457
724
708
227
980
100
505
567
402
993
805
316
854
790
78
411
432
798
763
686
695
88
316
494
910
348
394
649
540
340
797
350
64
857
929
44
958
434
963
360
428
769
677
634
911
755
46
696
905
161
382
953
249
51
447
512
399
841
161
939
181
310
641
597
168
571
641
126
5
957
838
785
726
867
420
637
974
466
333
880
979
68
833
229
119
632
93
870
825
606
161
358
917
803
955
437
374
948
563
379
905
401
165
631
621
585
621
595
403
306
475
382
374
660
963
845
292
56
715
117
663
877
475
932
680
782
369
54
731
284
785
636
37
950
620
658
887
593
254
642
899
729
377
626
742
692
471
34
101
539
504
764
768
979
48
800
114
417
206
845
701
991
833
738
294
453
397
533
46
3
176
298
732
905
924
474
597
747
861
50
638
365
814
406
696
214
558
810
631
764
7
684
756
841
423
50
646
172
935
45
175
463
343
259
368
619
86
318
718
299
368
357
664
535
115
712
749
674
875
733
438
882
417
546
723
192
948
722
716
884
767
243
347
462
855
68
433
941
386
151
240
106
508
256
993
976
968
95
650
843
828
440
78
597
987
153
142
935
875
858
819
994
454
167
808
309
587
241
602
973
393
194
431
253
450
425
581
770
520
231
966
700
24
396
649
11
549
791
946
425
2
118
771
456
637
580
765
224
173
719
549
918
913
980
172
715
757
105
485
277
689
803
329
713
199
979
724
749
770
22
526
124
492
649
580
129
229
697
705
403
416
254
321
681
587
845
396
344
303
234
974
992
37
303
705
589
634
781
690
405
155
568
529
648
217
462
129
799
511
187
554
928
441
227
609
28
73
358
725
728
592
699
720
629
2
425
570
637
558
260
394
713
180
275
713
398
89
195
197
601
382
751
881
175
978
490
204
403
200
929
131
792
980
851
774
334
628
344
323
538
957
717
252
137
345
317
535
434
864
84
35
246
187
916
422
166
759
978
921
959
259
53
104
239
256
878
925
237
222
249
775
531
966
379
21
663
49
908
450
913
993
485
512
180
754
286
698
865
616
620
176
875
25
632
466
633
510
391
870
85
640
646
616
959
377
637
974
426
546
424
340
891
262
204
423
16
490
122
233
106
94
761
333
119
394
151
752
256
894
623
341
887
621
310
198
350
299
172
777
197
597
469
88
859
673
512
227
515
634
812
621
80
925
306
199
319
809
303
928
703
278
269
590
899
579
788
250
231
313
379
428
910
848
517
121
873
29
348
388
15
160
361
95
437
19
646
757
828
949
685
531
228
306
474
479
238
614
81
469
927
460
897
189
660
766
310
533
147
658
273
514
170
986
961
608
5
607
717
833
909
754
717
489
412
543
968
650
157
402
471
437
214
721
626
875
487
937
760
635
595
386
501
118
372
463
78
378
70
795
563
331
901
280
820
313
823
141
964
333
543
787
770
757
508
396
984
348
333
97
983
281
835
836
751
207
299
829
937
722
976
501
53
877
133
226
190
957
367
506
290
910
294
412
19
154
808
356
502
494
805
837
775
640
674
878
199
973
707
137
695
683
638
101
560
771
327
102
80
694
961
722
956
607
134
327
761
943
35
264
789
192
453
916
832
127
794
384
101
501
521
148
536
511
601
448
634
928
550
67
974
863
789
282
470
276
962
232
571
997
848
360
190
301
276
374
429
70
110
882
923
631
382
459
494
984
259
481
264
161
548
591
25
689
225
495
317
187
727
888
537
927
600
79
229
228
453
10
298
564
892
573
547
626
384
394
962
643
227
579
157
127
170
182
816
395
677
486
935
757
726
472
684
327
551
265
555
356
275
206
272
167
131
820
146
516
566
108
511
793
687
668
920
209
202
88
957
232
574
892
989
653
716
25
980
267
291
887
975
566
445
248
86
577
420
232
445
986
692
308
131
732
977
51
941
531
491
250
763
418
494
104
71
210
482
403
829
773
290
805
691
88
53
129
665
473
713
462
811
758
770
942
490
99
345
783
631
836
34
746
606
528
851
677
91
685
432
920
810
75
77
501
163
130
983
180
955
696
642
118
806
412
60
296
512
757
80
495
946
466
241
552
346
444
582
437
129
14
710
939
89
787
793
252
270
776
432
577
824
426
696
631
839
108
279
703
866
359
198
812
177
439
716
524
236
298
961
365
665
23
305
754
811
450
359
81
226
143
10
402
570
706
33
409
815
313
112
33
24
662
197
202
453
913
78
689
564
39
55
229
63
712
983
226
162
694
659
740
838
669
142
408
376
528
169
543
193
633
576
569
295
125
771
748
390
201
790
954
241
197
183
656
909
519
882
423
565
893
515
403
562
657
163
290
537
332
833
730
965
761
300
612
238
423
713
629
625
503
583
218
700
119
226
961
990
108
384
555
353
251
311
915
908
474
206
798
807
391
528
124
505
180
89
743
604
802
372
581
305
308
799
5
779
25
318
769
485
54
676
190
305
987
105
565
462
663
363
621
407
892
97
264
72
186
7
28
988
732
961
293
392
112
650
171
489
968
940
326
22
616
516
327
956
974
893
418
637
256
391
396
500
488
660
925
675
20
305
15
752
267
309
144
379
311
667
221
280
607
547
654
575
64
334
531
38
227
301
27
835
44
776
688
533
436
613
560
456
918
575
560
537
236
56
269
900
723
490
180
682
389
186
258
805
520
141
195
99
795
223
935
191
351
623
724
787
588
636
596
858
564
156
396
152
213
17
52
288
859
584
971
248
771
581
54
643
74
249
743
869
824
30
61
175
5
137
963
593
126
911
803
42
67
199
194
632
568
599
921
427
183
244
676
306
825
82
950
899
331
45
121
508
75
534
683
432
671
998
25
149
909
180
191
329
380
738
313
300
337
234
728
872
478
756
179
655
838
481
555
521
526
676
381
953
210
65
737
233
415
114
735
677
294
278
6
26
16
319
327
705
906
407
578
736
163
109
392
353
590
299
226
468
327
608
773
889
25
510
474
792
624
209
469
918
840
827
945
208
499
272
914
757
679
844
493
194
953
237
899
543
888
125
363
215
85
488
104
462
998
931
255
974
492
724
892
332
904
189
541
403
813
807
160
492
651
5
38
604
243
937
499
131
415
214
699
500
702
155
963
700
86
218
674
931
294
918
263
198
108
156
953
921
963
465
766
614
471
804
570
66
94
69
549
509
283
248
9
985
756
324
37
842
542
63
773
189
982
389
739
442
545
693
363
861
158
129
475
629
286
46
47
380
467
597
889
103
845
250
440
601
575
478
796
469
893
921
658
875
310
398
669
208
443
33
69
953
514
896
935
152
294
982
532
762
579
773
865
777
376
305
378
951
135
526
420
381
448
431
608
110
181
278
670
976
311
739
929
177
988
864
330
282
847
214
44
778
988
261
555
716
919
286
667
406
812
439
787
612
222
396
75
403
674
745
379
337
837
309
514
825
525
844
459
724
411
504
503
751
117
58
467
36
696
134
443
509
925
230
473
148
978
900
551
652
998
283
989
187
944
856
364
821
52
823
546
463
327
49
214
797
459
33
833
156
167
628
17
445
211
842
593
189
743
496
194
741
131
183
928
75
391
292
897
444
467
443
259
147
844
826
944
303
859
777
811
27
406
180
824
617
23
417
158
766
265
352
859
397
888
139
472
279
783
721
75
250
516
335
397
360
161
693
16
20
471
179
399
229
360
223
198
383
992
708
501
258
61
712
655
949
851
479
580
986
201
656
588
69
991
986
782
504
679
798
524
502
329
276
83
689
499
633
424
844
342
925
102
403
637
109
704
840
588
284
178
141
940
767
211
283
753
993
787
784
143
664
639
472
292
74
162
143
60
586
987
402
864
89
157
853
198
861
46
139
497
224
280
438
991
843
73
96
836
213
233
979
877
224
804
521
298
318
664
358
256
652
112
120
93
269
326
644
482
372
783
980
596
415
770
940
259
843
36
447
56
621
779
285
845
583
806
496
253
471
206
509
475
319
982
568
940
308
564
775
680
699
107
628
115
877
920
726
72
309
525
481
930
304
766
776
239
925
624
492
748
830
354
223
501
336
143
794
644
708
921
676
407
28
656
874
905
577
952
977
886
478
810
816
134
577
944
726
854
920
218
602
751
924
825
604
260
320
750
904
380
671
932
140
699
589
14
956
166
319
286
404
797
96
220
283
673
517
9
527
437
580
481
540
504
658
145
765
979
247
21
359
919
954
499
970
895
866
927
61
185
213
817
334
309
37
617
335
906
979
214
344
559
696
884
415
706
381
532
685
981
554
397
900
860
896
222
107
114
149
168
299
714
337
985
376
374
955
711
633
934
277
977
845
325
213
260
32
947
145
69
928
51
466
180
263
715
402
370
829
904
890
481
618
227
466
994
601
773
57
234
707
687
563
904
12
129
517
396
76
662
466
356
713
284
536
976
999
290
346
829
194
588
662
165
815
128
511
416
902
569
3
961
256
918
866
620
47
735
17
475
397
835
831
462
119
719
790
119
362
488
300
908
76
314
73
891
442
585
659
696
506
14
10
114
933
228
734
332
963
751
808
712
938
639
526
58
711
316
529
73
156
181
981
232
495
407
475
289
344
134
338
850
501
348
964
434
576
50
118
891
154
926
955
92
918
481
502
629
797
31
54
953
564
387
537
59
146
12
701
490
498
39
692
999
739
8
785
667
59
904
558
213
830
513
657
100
346
160
81
143
543
135
448
108
875
337
519
21
701
220
864
199
611
908
551
350
917
688
17
328
592
927
893
775
792
550
227
138
62
309
633
606
796
433
714
671
770
233
45
823
806
261
375
417
169
926
120
438
614
489
766
559
769
11
686
561
914
913
52
976
222
37
582
19
471
648
42
593
234
87
769
392
348
144
161
870
422
281
308
388
771
427
947
892
438
633
805
352
899
857
681
121
247
615
492
70
616
535
15
850
974
784
242
675
928
403
545
350
37
205
91
160
632
38
52
71
24
857
775
923
67
456
396
666
424
889
736
40
776
751
890
102
536
484
777
816
239
674
519
276
880
610
788
512
0
840
935
376
50
711
651
117
519
48
783
943
289
871
983
65
622
225
519
510
61
649
679
301
323
198
929
555
160
718
420
160
910
355
537
960
418
540
429
938
588
564
233
877
435
217
294
410
794
814
920
856
815
951
157
138
501
438
46
661
156
466
174
67
821
63
379
240
603
809
530
192
373
763
421
161
332
68
571
127
234
843
983
49
795
492
539
296
930
585
310
439
51
484
858
225
547
237
817
502
398
347
46
772
110
468
933
443
888
504
922
122
699
905
523
494
749
62
143
31
648
453
470
51
937
680
276
836
918
93
338
668
792
385
440
255
205
725
50
93
581
972
567
281
229
442
127
978
504
270
9
504
723
832
908
660
512
184
848
782
630
187
451
774
924
243
29
129
321
79
574
902
51
493
183
280
935
663
610
791
933
972
296
657
804
204
669
668
740
870
803
722
57
606
497
333
201
878
814
522
958
388
425
361
233
960
994
520
623
604
311
909
928
959
566
732
515
587
753
608
457
908
330
866
514
179
199
67
410
13
590
720
753
367
81
338
327
427
858
303
384
170
212
312
129
130
397
997
717
150
605
527
410
935
393
276
467
593
343
877
958
933
949
64
300
30
402
980
810
261
635
194
783
847
506
264
977
255
261
46
405
866
573
815
154
967
91
621
912
787
850
222
720
151
286
373
533
689
705
343
302
340
889
85
187
748
349
516
3
963
562
761
829
488
576
983
455
20
956
719
159
158
941
231
309
228
604
843
269
661
186
571
1
76
8
540
824
709
408
179
672
971
940
854
459
869
837
266
241
146
985
400
304
926
631
614
506
588
809
775
249
347
698
251
775
58
143
599
768
552
131
792
875
71
646
686
940
836
952
181
982
289
581
286
215
213
252
722
801
413
849
402
761
548
5
536
606
149
488
726
701
619
871
928
690
517
614
631
353
566
164
687
855
746
326
422
311
930
496
464
344
346
866
105
246
872
641
852
373
129
931
426
100
802
354
791
671
968
774
377
534
290
64
741
388
390
163
699
321
660
515
665
358
734
122
604
958
763
808
331
245
739
757
697
893
111
488
565
79
614
942
965
905
358
706
645
101
221
345
422
233
212
439
591
946
913
547
904
28
356
587
273
447
344
971
341
455
811
258
886
778
552
851
35
910
909
680
363
483
377
137
716
942
576
660
888
841
207
145
870
915
732
495
363
429
466
56
236
630
666
123
760
218
326
147
480
588
827
844
71
557
981
139
499
910
799
739
751
359
884
621
274
969
117
989
750
935
45
986
917
63
461
29
281
788
176
114
376
4
310
799
913
643
938
412
905
90
151
9
449
388
982
723
357
451
65
459
739
110
445
8
174
907
38
807
47
214
273
423
570
583
574
483
579
512
247
484
954
399
845
403
787
828
479
496
279
544
955
370
6
752
379
532
659
417
692
706
983
965
481
906
901
407
741
480
920
989
316
226
740
162
630
879
342
109
375
973
5
682
344
11
434
723
544
446
492
236
504
475
553
986
733
454
745
827
286
17
816
603
244
908
117
874
787
459
335
514
784
340
196
128
351
982
851
247
780
343
835
285
171
389
623
256
843
368
83
482
386
251
437
630
159
554
856
946
365
191
812
149
531
8
630
234
343
481
834
123
177
669
408
700
58
383
308
254
752
744
88
490
995
525
120
507
431
976
805
796
519
618
297
50
626
279
636
321
761
470
445
290
140
205
342
550
941
2
156
45
746
244
535
742
769
7
249
552
335
406
348
854
24
998
256
3
277
892
324
390
363
121
32
855
679
726
757
620
729
266
17
475
510
552
569
632
911
818
184
246
225
885
100
601
235
356
604
864
600
281
607
315
402
639
522
433
366
280
405
447
546
422
922
408
974
492
392
885
662
929
483
239
166
583
841
401
291
445
617
244
726
224
559
481
864
82
914
582
714
672
29
260
94
303
20
421
795
765
658
458
694
142
49
860
77
890
613
721
688
582
965
766
807
524
599
23
958
866
957
672
538
338
284
632
641
305
405
437
422
64
247
116
206
296
328
283
539
293
356
579
875
321
345
34
198
297
57
156
163
366
829
701
704
113
685
346
770
91
135
192
155
734
660
713
382
340
348
921
633
705
500
861
378
198
895
576
495
305
733
10
671
914
63
376
379
748
74
502
191
209
46
698
943
707
411
325
47
112
599
33
169
451
894
547
1
141
124
848
446
209
858
118
123
921
846
854
22
272
356
565
481
403
264
776
462
27
453
509
491
404
894
660
856
788
208
857
930
684
58
376
893
916
846
368
190
44
222
564
316
931
129
149
686
745
925
148
773
731
9
264
135
904
925
343
692
485
201
974
521
611
703
414
527
901
134
69
946
708
633
614
991
115
764
677
860
41
825
633
772
835
250
260
91
527
603
783
364
156
110
885
767
813
651
647
714
785
716
12
845
702
627
837
169
391
514
29
784
340
15
909
527
265
169
618
144
772
753
508
281
863
393
48
676
44
695
743
181
764
755
26
818
382
863
987
125
378
16
910
70
31
819
949
648
340
919
144
464
672
4
745
536
749
794
564
145
841
659
326
605
415
353
775
149
568
762
275
298
779
537
368
162
356
669
163
48
588
659
512
261
664
258
149
413
404
65
559
245
725
885
203
492
590
978
641
511
93
916
809
224
453
530
386
161
199
901
209
140
561
74
753
577
332
254
990
736
319
901
333
396
139
888
888
81
219
530
592
312
446
754
536
252
284
274
765
835
176
975
327
89
49
80
18
733
334
8
821
6
910
506
402
401
395
291
482
614
173
75
278
619
829
814
223
465
88
989
652
616
316
980
57
717
60
75
450
747
436
623
753
698
129
155
99
876
798
581
842
971
656
120
943
837
934
166
302
375
155
955
991
823
287
401
540
347
476
342
94
912
965
847
610
447
355
709
323
153
291
166
125
299
638
68
489
573
586
791
948
94
98
291
917
385
692
458
85
521
152
531
433
118
731
396
917
86
457
240
591
100
758
716
400
397
136
889
322
723
32
622
817
483
265
86
220
310
544
657
831
697
189
616
167
272
364
84
710
822
676
301
922
787
18
674
536
506
915
210
581
300
832
398
783
449
485
355
759
381
13
942
430
554
559
949
826
923
33
536
97
62
837
20
201
207
46
737
66
962
947
647
262
131
398
397
580
235
752
340
968
117
634
399
671
193
348
849
469
734
737
566
148
927
938
349
486
985
86
552
299
385
200
913
868
950
310
448
185
414
140
153
532
775
904
555
320
605
405
789
339
142
708
487
69
998
836
556
335
274
108
634
11
660
547
879
962
209
327
147
976
820
653
508
595
909
63
267
514
820
409
853
963
117
692
384
467
880
940
803
154
401
789
517
413
689
396
376
898
76
875
874
896
880
734
843
790
150
110
304
970
519
510
933
988
554
318
456
435
610
611
941
11
400
811
425
89
207
153
340
635
28
214
531
261
301
726
51
451
189
707
421
60
569
707
401
476
377
857
911
987
468
204
351
220
15
128
310
575
633
650
210
661
216
94
274
517
820
325
320
361
385
94
422
954
153
823
430
530
32
693
869
852
250
572
72
617
700
734
192
333
384
403
347
953
849
621
822
21
299
143
383
684
589
157
990
742
332
773
624
364
466
493
568
68
418
992
686
470
727
878
804
463
633
503
416
482
476
239
856
127
382
239
163
971
748
154
65
80
279
689
796
97
182
364
166
952
356
852
423
435
82
579
899
68
82
315
902
910
554
758
390
288
349
553
611
97
59
676
177
338
717
325
436
252
689
954
204
398
158
627
833
240
206
84
308
640
400
211
903
306
321
293
947
671
846
910
768
258
939
298
948
656
623
736
908
665
690
465
415
848
92
248
441
299
685
749
291
85
312
194
743
986
487
42
657
686
953
777
944
244
427
892
900
51
629
161
68
671
626
483
520
718
83
313
369
768
414
661
205
727
855
301
65
695
343
722
381
648
499
677
892
279
921
793
330
902
306
750
574
932
233
446
2
668
759
372
437
525
385
994
252
592
295
317
287
991
391
668
639
243
697
532
522
619
677
204
873
335
954
447
267
539
245
621
207
356
345
996
882
730
991
486
323
638
156
610
981
547
631
621
142
328
505
664
299
534
220
173
869
174
972
488
65
218
109
625
926
455
621
160
537
964
647
212
955
155
823
936
702
806
909
197
486
414
213
786
300
434
311
169
960
283
9
26
853
119
651
780
926
624
940
815
941
939
28
896
94
203
832
149
9
742
346
495
508
559
633
809
345
944
330
306
228
692
684
433
163
687
213
89
311
506
256
252
445
284
500
892
487
333
41
496
427
739
344
287
650
977
448
996
274
131
654
854
823
338
287
986
377
501
427
40
359
683
645
156
968
145
48
455
830
89
304
609
828
0
897
479
329
697
827
603
828
481
457
651
171
97
637
900
950
64
940
309
748
585
465
68
83
514
875
913
955
179
523
136
531
772
967
861
469
794
816
298
627
626
301
150
723
939
50
673
355
342
334
103
280
799
171
363
665
47
628
621
578
503
757
462
627
76
323
449
870
491
747
849
117
48
351
192
339
401
217
695
95
551
150
375
351
674
90
368
73
71
989
3
926
98
465
554
174
140
3
396
632
102
597
101
502
948
294
842
701
863
889
797
415
391
524
118
65
967
486
490
38
828
494
316
278
959
870
805
100
873
201
84
975
151
185
830
99
831
24
153
695
913
950
462
304
826
580
722
145
418
212
535
598
706
852
877
18
722
682
470
948
235
906
275
386
443
105
838
275
129
991
322
394
293
136
51
471
68
773
617
486
337
152
85
396
356
314
414
79
996
236
379
583
142
654
322
585
112
160
212
241
503
886
988
148
22
39
619
442
812
588
281
149
741
718
545
97
32
311
528
380
899
907
963
41
914
285
979
26
797
191
619
300
430
607
448
804
646
420
247
810
8
528
960
101
246
857
551
630
521
79
10
420
339
325
814
605
611
793
631
760
336
602
61
766
210
861
923
856
633
170
19
642
50
331
743
648
188
646
278
61
78
640
834
417
965
648
22
928
793
5
689
129
607
102
248
817
315
171
26
949
341
45
591
743
728
686
391
268
333
669
330
411
309
164
180
626
164
554
555
957
559
244
86
518
346
686
688
661
857
66
962
550
463
905
293
191
944
684
459
277
705
789
40
366
305
572
993
821
478
548
778
389
144
217
907
842
903
595
855
761
13
818
311
476
723
605
667
667
641
127
296
347
268
688
65
926
612
58
747
90
958
878
479
454
95
387
296
998
334
152
111
700
322
423
176
45
380
196
65
373
675
361
720
943
402
786
221
14
196
321
105
507
199
936
961
646
675
610
996
10
762
108
62
436
883
238
481
615
434
898
988
109
260
61
405
14
199
978
28
395
299
485
902
850
422
216
848
97
826
845
459
588
305
521
24
540
112
857
507
546
756
495
8
368
908
413
734
107
391
762
503
43
600
757
245
374
973
94
471
799
291
283
739
948
156
115
840
268
325
347
815
433
194
823
153
103
588
887
210
331
1
65
374
601
823
972
975
148
418
799
300
61
82
39
9
238
507
201
859
184
548
674
617
742
849
770
197
437
657
760
768
658
825
495
612
0
819
939
501
237
738
801
298
172
192
659
763
51
860
622
235
760
648
852
854
497
622
52
286
631
164
406
642
989
901
606
342
72
545
843
309
636
644
959
160
188
970
275
240
830
249
475
942
897
328
797
746
302
201
32
286
365
439
280
706
692
886
48
117
783
243
426
771
887
738
932
428
708
207
668
891
809
143
833
706
823
982
453
478
535
837
764
900
628
44
607
673
282
7
790
65
251
568
837
490
306
121
918
367
680
938
610
489
82
443
548
257
778
1
735
313
190
851
566
171
247
173
844
529
532
986
947
783
906
136
626
565
257
544
932
937
483
542
779
917
337
327
174
467
680
262
781
222
113
347
393
713
872
589
242
404
575
541
540
482
677
166
47
934
62
331
224
897
225
355
166
562
682
341
30
714
955
163
936
420
862
330
133
734
919
728
490
847
269
382
681
947
900
80
233
315
411
809
212
636
164
379
550
846
72
932
560
379
95
497
799
957
179
933
43
98
661
886
297
930
268
978
229
521
58
463
836
821
272
400
457
789
131
360
635
555
292
548
934
740
397
86
697
928
371
93
378
32
979
676
314
599
654
896
120
65
711
308
886
983
61
696
772
192
56
760
100
700
660
34
440
409
472
490
689
843
583
67
227
914
743
542
513
750
790
986
815
501
294
53
836
355
749
961
900
805
73
0
858
85
386
298
494
859
788
183
702
371
602
930
285
346
824
151
96
614
137
263
115
783
316
303
491
66
264
391
223
337
743
81
422
129
732
268
988
520
803
43
244
406
973
529
752
149
32
200
763
169
815
230
305
131
885
796
549
150
539
125
487
282
558
262
411
290
530
752
811
334
147
407
740
120
288
844
621
321
396
736
490
211
318
795
694
203
943
244
353
482
721
193
764
279
455
528
922
337
632
85
671
779
492
763
251
780
959
872
101
355
960
944
566
278
91
613
481
35
209
835
869
930
28
986
561
835
866
483
172
850
568
196
981
412
959
232
193
271
456
646
626
416
590
545
46
34
158
527
421
367
362
290
649
742
276
210
929
494
46
102
344
966
298
325
379
609
909
924
232
717
570
859
485
513
756
531
547
266
59
968
633
773
610
282
868
239
844
797
733
890
899
78
857
549
755
588
511
665
512
743
382
82
954
220
947
62
751
846
328
810
166
961
936
777
595
804
368
440
601
101
682
853
531
539
754
639
127
617
304
639
713
38
74
667
258
373
82
362
220
410
172
386
724
108
515
319
264
883
111
866
337
794
71
220
685
825
859
813
443
515
804
156
906
230
175
164
604
257
526
176
668
51
562
392
511
430
63
776
313
175
994
2
321
65
223
6
890
82
171
685
950
976
841
856
558
369
372
514
626
251
690
646
654
605
390
165
35
806
293
700
981
287
703
654
352
926
660
595
360
184
280
662
512
474
518
70
195
243
585
173
494
627
820
148
232
562
313
267
368
959
968
701
246
23
355
951
949
368
898
661
552
530
324
416
356
194
486
551
437
423
725
931
51
897
79
635
459
745
903
828
56
223
529
302
246
237
605
547
957
503
560
861
34
884
277
390
79
115
294
516
539
19
800
942
916
231
577
727
328
832
555
384
407
437
687
5
26
644
552
983
148
113
844
534
349
473
276
780
588
570
649
127
941
449
421
857
680
999
585
361
183
492
745
943
281
784
948
307
429
853
642
929
318
838
463
667
311
91
448
900
14
449
379
955
898
801
165
930
152
750
291
687
594
37
630
228
821
579
887
602
432
530
531
750
368
346
769
32
790
569
932
804
18
663
759
268
464
924
199
616
26
490
304
973
879
286
201
53
865
88
655
649
618
539
751
339
237
521
723
27
442
7
183
813
670
943
81
135
219
280
103
246
123
759
219
2
46
772
407
263
860
63
913
831
954
664
522
191
537
245
571
332
604
754
145
274
49
226
761
269
859
217
867
982
328
438
336
374
210
744
990
70
159
903
253
465
919
775
8
809
372
579
141
328
686
638
603
735
216
716
356
75
933
223
409
262
661
98
988
871
194
330
294
705
233
899
170
505
27
178
314
399
110
807
728
796
797
683
883
13
399
240
441
685
463
850
299
125
300
639
348
494
970
994
199
555
894
369
60
921
900
726
672
10
885
752
806
682
435
689
48
187
281
489
224
745
691
875
222
992
866
922
838
836
917
38
744
163
759
804
84
659
883
756
21
120
861
827
155
648
869
203
835
150
44
411
247
87
286
469
79
153
744
270
341
661
308
85
176
419
242
260
431
477
368
452
597
229
632
104
230
853
659
65
3
703
829
603
791
467
424
222
620
168
492
314
181
152
751
357
924
993
969
355
822
690
159
772
919
791
876
501
644
888
567
0
591
748
603
734
215
379
309
188
548
153
502
729
658
605
439
582
951
408
937
773
98
448
545
370
240
774
871
236
662
790
236
605
538
191
692
106
571
353
294
471
506
148
552
164
753
991
98
704
752
387
830
850
836
375
572
76
501
796
664
515
586
901
121
477
444
165
583
367
518
229
838
376
377
391
893
130
382
991
187
134
379
17
337
567
744
909
995
598
57
659
113
644
560
586
473
357
751
408
724
269
637
563
998
14
954
891
496
688
234
683
823
613
52
512
532
149
773
527
747
831
187
860
827
99
447
300
456
550
708
181
820
345
96
170
711
402
61
207
90
295
243
265
261
647
777
793
796
903
321
543
734
860
404
913
959
203
565
416
753
625
949
925
970
45
95
33
447
508
592
889
804
835
155
417
835
284
562
631
187
235
175
273
95
931
186
55
486
103
823
239
728
124
517
698
521
612
83
320
473
676
209
629
863
716
46
698
1
960
330
540
196
857
814
643
788
352
50
274
456
873
865
184
997
382
235
870
347
318
190
820
346
400
449
210
468
495
260
469
455
590
10
3
799
176
647
939
880
697
565
688
923
431
873
272
165
460
143
512
130
333
332
477
85
781
39
554
628
299
375
436
242
737
791
41
265
438
333
146
488
898
834
411
329
59
35
495
871
178
359
2
864
692
831
301
825
222
207
806
873
935
242
115
672
33
509
938
824
842
436
664
92
622
427
774
34
462
621
905
993
980
259
857
24
442
510
850
664
718
656
538
5
250
5
677
635
514
967
811
708
755
475
801
730
902
575
764
717
196
21
710
528
281
567
553
723
429
755
388
499
763
278
504
13
283
182
0
150
501
164
858
609
639
11
339
894
938
103
611
486
124
321
15
757
240
568
833
669
323
573
521
86
851
25
451
134
559
803
284
61
967
495
670
959
506
9
205
445
464
168
931
940
489
298
698
81
866
883
102
541
456
623
979
307
1
430
793
560
586
430
973
553
925
643
864
783
4
69
580
820
237
864
761
78
162
811
511
381
694
966
922
502
941
902
809
942
684
954
503
622
736
476
528
661
472
392
797
828
814
377
649
403
593
410
834
756
573
345
137
619
311
411
121
605
665
282
547
702
236
402
324
973
879
852
986
351
597
135
179
411
513
180
166
458
942
0
214
515
346
703
134
9
467
255
966
132
889
514
834
478
916
511
803
147
363
789
850
312
277
382
723
790
562
242
248
505
242
815
20
940
870
507
302
337
114
268
470
4
782
656
482
51
167
285
198
883
426
49
195
703
431
271
845
993
513
446
498
755
613
871
696
483
378
350
821
844
618
643
848
401
299
682
804
819
319
2
702
746
51
897
801
482
168
999
828
33
797
678
789
410
901
837
893
631
539
66
476
157
61
324
910
713
7
714
532
678
717
234
776
120
483
578
955
4
929
783
37
726
813
178
136
715
367
381
346
906
800
822
416
861
499
326
574
858
41
106
536
758
692
313
230
176
243
185
532
172
968
921
898
134
100
386
849
819
119
547
78
919
370
494
781
221
820
707
79
213
814
615
323
858
280
554
386
523
739
918
695
60
840
945
194
292
683
43
463
803
590
541
722
312
35
855
533
208
563
964
421
729
932
745
587
212
299
974
736
390
244
783
450
84
81
644
728
764
687
192
567
630
733
642
294
121
849
180
681
412
496
102
493
428
199
81
641
850
407
729
241
3
864
691
88
945
336
168
62
375
360
981
357
446
623
4
919
473
184
600
237
680
54
731
461
254
164
102
104
923
183
697
926
47
389
366
345
77
535
407
452
247
740
162
693
364
166
964
189
350
564
426
382
619
509
843
225
25
297
681
948
832
379
875
232
120
241
577
197
128
336
1
376
76
163
421
792
329
386
333
31
302
112
414
921
621
609
498
647
259
180
947
91
911
822
675
383
416
604
580
896
940
581
272
369
97
46
513
426
432
847
458
86
959
224
360
932
185
858
931
796
390
879
888
653
53
915
36
469
520
968
718
812
902
990
533
999
388
47
777
820
246
235
907
205
811
267
489
349
477
421
145
220
300
385
873
705
301
910
527
821
878
245
985
780
235
519
779
976
566
557
796
812
144
55
369
308
674
858
9
504
631
154
724
283
892
597
989
193
859
516
366
738
761
351
870
348
870
2
324
788
911
473
952
407
880
321
715
907
532
76
411
163
231
135
447
475
84
436
20
944
304
386
34
417
89
904
765
312
906
442
100
169
915
53
577
147
726
644
54
258
721
817
774
304
304
221
779
389
9
799
685
665
537
719
82
978
623
847
290
882
641
743
51
908
148
628
56
874
625
462
485
346
280
259
650
584
832
781
973
193
580
658
858
469
729
940
447
705
139
738
587
781
833
990
689
981
971
97
855
596
560
692
942
840
951
944
776
783
725
102
328
657
112
186
126
842
126
573
547
266
663
486
399
848
828
440
829
799
538
37
747
98
729
41
290
33
985
418
168
62
520
497
719
985
683
197
827
810
123
726
428
138
564
179
987
392
619
816
544
157
853
291
607
935
685
249
968
22
668
136
85
540
633
156
525
669
354
704
831
829
430
259
967
346
438
954
739
409
771
283
567
976
926
526
911
611
776
231
986
796
720
423
336
353
579
214
374
285
918
205
114
701
816
82
47
606
388
786
16
159
421
935
488
700
461
751
663
237
983
649
33
703
72
722
408
4
288
135
641
206
340
756
259
157
190
307
763
578
445
131
90
219
66
578
271
528
681
934
117
664
936
503
719
8
225
480
364
865
615
6
71
307
114
683
464
656
342
580
234
139
63
676
358
130
606
629
658
288
916
127
304
852
630
376
212
207
856
577
72
823
583
496
130
49
179
947
705
521
527
291
660
590
968
371
72
574
352
82
214
268
210
519
120
840
895
685
48
103
262
120
278
197
968
408
246
147
355
951
20
234
594
33
177
562
756
601
489
108
684
703
729
894
574
201
734
821
886
134
924
500
607
554
697
575
963
295
75
670
598
95
257
193
480
786
755
236
387
244
697
71
300
778
317
874
331
52
696
218
538
972
718
145
527
768
73
842
63
148
512
662
595
121
207
428
259
962
664
647
559
713
70
859
843
388
733
175
792
781
745
330
754
815
828
281
583
901
123
999
401
987
13
996
109
220
424
720
534
441
367
93
506
438
304
350
178
390
877
970
171
622
652
925
437
832
558
373
733
681
724
134
21
737
483
482
309
259
202
843
700
570
289
559
360
945
909
890
335
786
212
507
760
864
784
549
697
343
922
782
376
646
269
397
735
752
231
44
363
434
240
64
356
881
623
68
826
884
958
514
22
170
21
782
34
157
331
83
852
606
218
229
604
487
978
340
591
210
736
954
996
328
370
352
209
345
420
388
229
378
902
603
548
275
737
934
432
69
370
637
27
588
218
631
427
196
971
18
758
60
324
754
388
695
458
950
40
878
338
622
256
592
225
156
867
963
443
651
384
813
288
763
753
506
394
180
55
718
198
165
778
874
272
518
569
730
468
962
609
158
936
217
750
161
374
969
476
169
621
212
982
261
975
87
120
722
267
527
440
817
692
570
691
964
88
261
695
557
575
656
67
511
873
818
24
599
787
501
120
760
65
102
22
393
189
494
115
808
21
907
625
65
477
317
30
565
930
77
474
505
85
542
16
958
712
40
910
851
893
30
964
311
485
338
56
26
832
171
835
853
78
812
270
907
481
300
824
411
729
299
916
814
193
284
125
257
677
387
460
922
769
424
233
254
762
289
633
594
812
820
799
242
632
70
149
114
722
974
877
804
625
146
970
170
430
95
427
459
834
887
382
604
664
615
210
426
257
843
373
69
15
524
312
648
946
813
114
669
787
991
825
764
489
795
934
920
891
361
379
77
601
113
681
265
729
892
43
986
87
416
407
103
941
71
103
887
885
217
908
24
560
733
789
50
529
723
322
772
437
53
849
390
167
883
655
248
775
698
586
214
467
993
317
760
65
420
999
302
989
908
326
550
993
467
952
874
543
626
646
332
679
848
722
198
731
729
798
858
779
384
424
246
730
742
358
795
162
358
449
504
618
775
406
611
595
358
486
138
336
484
470
367
684
544
566
767
273
716
977
52
101
402
651
831
144
9
978
658
719
427
514
337
554
920
301
149
630
139
639
966
975
461
334
660
5
252
779
278
968
757
683
421
511
686
604
7
47
582
17
767
361
532
456
268
452
757
769
435
896
409
401
224
870
87
884
228
691
15
506
12
124
541
433
635
579
390
642
627
972
12
746
686
544
202
954
348
960
723
783
208
484
185
432
707
624
668
935
668
36
793
680
160
687
465
148
266
855
142
893
180
154
639
866
698
842
172
47
154
247
182
714
84
719
147
791
344
167
78
12
203
871
44
364
558
509
512
825
717
654
70
897
161
710
115
859
904
639
258
410
886
441
124
970
160
623
113
856
791
191
220
346
63
264
710
973
126
574
150
195
581
221
444
742
283
559
953
539
198
564
949
436
5
73
759
517
697
872
726
488
416
946
186
831
563
897
804
41
823
307
236
756
880
680
850
515
591
156
54
141
720
3
577
77
428
688
946
125
913
672
965
329
971
152
160
534
401
316
927
576
975
163
685
855
843
535
370
786
43
776
927
763
131
504
192
560
545
139
685
458
163
3
139
134
507
299
20
908
967
947
836
295
462
521
150
657
409
873
443
452
1
370
568
133
227
112
693
772
251
730
230
767
733
369
901
592
20
274
852
339
573
689
634
36
562
137
693
323
362
137
128
363
859
48
496
86
160
189
858
764
272
440
531
357
161
432
950
533
58
802
873
632
843
859
668
758
996
713
81
358
202
209
722
62
257
570
148
770
112
7
534
384
799
65
741
961
849
691
846
908
846
719
540
689
931
560
447
927
625
881
638
828
90
712
890
700
282
38
470
394
397
4
130
549
421
872
862
270
915
708
178
113
428
70
155
711
982
954
638
608
835
628
788
278
692
678
978
327
68
800
73
818
156
204
719
577
76
581
847
343
289
378
457
69
800
612
780
135
566
771
95
754
399
883
32
444
913
362
771
333
514
844
503
670
48
222
599
476
803
798
172
93
528
629
162
329
593
943
816
511
66
911
265
465
794
297
909
59
11
680
392
525
877
248
547
925
470
146
754
626
297
926
719
825
555
233
506
500
528
322
11
594
233
629
412
379
278
673
438
290
706
183
167
583
431
715
860
253
213
614
879
510
540
950
336
447
536
842
947
64
517
311
11
750
940
775
130
218
448
920
860
506
455
28
89
238
95
302
492
308
916
723
171
809
674
859
256
562
701
556
978
218
219
989
321
159
116
803
729
565
75
590
423
531
970
865
769
65
167
613
725
83
337
896
244
363
755
501
925
809
409
903
379
628
245
700
139
361
855
868
278
931
810
702
462
132
567
583
197
734
197
275
169
534
171
414
249
279
267
174
88
676
429
819
656
674
872
795
36
727
15
666
658
178
368
120
310
935
704
860
21
901
135
191
787
658
957
36
937
224
562
377
252
991
549
908
18
421
55
406
148
422
72
807
600
441
927
911
728
983
123
750
236
258
293
375
268
250
763
558
474
325
287
726
669
836
986
39
257
393
445
406
815
517
565
416
310
844
679
39
828
154
789
416
412
82
792
32
332
907
590
158
585
878
236
254
66
222
293
324
967
90
82
782
607
999
198
918
843
229
957
23
383
98
440
147
532
584
180
216
491
122
374
76
352
962
330
419
536
975
95
503
65
529
285
25
528
836
943
723
417
252
747
801
350
187
300
234
771
832
450
262
955
176
339
659
490
21
430
26
349
877
529
766
406
166
791
286
354
86
10
772
338
757
925
40
296
225
274
67
58
76
681
365
604
372
376
94
746
807
120
95
684
1
213
443
520
5
81
874
91
443
646
782
200
571
822
848
797
449
267
207
525
301
924
482
673
300
576
771
459
49
866
144
402
432
939
922
437
20
797
880
464
443
662
16
15
485
217
164
286
484
371
163
785
647
645
811
947
222
582
407
623
801
903
25
233
194
948
670
214
745
550
30
188
565
399
555
50
616
71
688
100
794
851
238
441
497
49
389
71
631
148
694
432
403
719
17
597
19
687
163
764
590
194
305
155
945
212
557
561
284
245
13
78
96
251
520
945
652
261
16
636
761
710
420
164
782
438
113
801
125
276
918
67
822
575
574
767
787
131
680
423
728
694
502
825
297
374
122
302
987
139
938
748
201
358
264
335
796
377
489
274
5
407
693
828
334
268
947
121
399
628
545
480
674
399
657
971
773
779
273
760
918
563
860
472
922
476
807
70
205
296
696
210
55
390
390
389
658
690
511
409
318
408
889
992
807
898
315
932
678
941
44
596
504
904
68
778
380
228
849
937
524
545
147
580
287
890
321
945
580
184
707
250
592
948
594
751
847
909
35
525
202
79
473
707
335
894
837
715
122
686
652
646
584
152
578
871
42
252
169
974
436
228
224
29
528
818
132
375
79
168
252
282
247
78
341
583
972
178
650
94
217
655
92
801
159
23
24
553
275
545
527
711
125
103
92
654
921
577
381
0
745
634
634
344
712
975
279
684
506
282
130
723
289
574
876
448
949
252
353
224
798
232
288
275
335
732
929
608
309
311
960
406
945
595
751
9
922
382
45
428
664
527
151
953
101
27
753
51
632
106
627
430
338
267
705
673
0
987
633
309
298
594
716
595
189
819
956
463
201
1
892
866
528
395
171
981
423
925
384
407
31
364
189
722
631
246
747
631
233
381
293
531
975
361
478
516
180
434
979
381
787
871
599
315
267
771
649
42
48
33
449
431
397
638
153
381
884
901
12
118
282
657
1
609
18
832
125
198
266
104
580
406
328
531
721
595
302
722
989
350
756
790
134
505
428
287
886
664
540
251
134
174
908
488
783
927
320
260
477
938
365
57
344
45
941
418
992
595
140
981
298
248
123
432
106
551
719
344
567
260
947
54
434
856
542
570
135
214
830
612
504
547
22
201
592
963
971
936
558
463
917
856
64
40
288
170
943
360
866
863
972
814
917
758
22
811
328
509
377
511
473
881
58
495
434
3
810
405
939
721
869
209
929
933
601
570
455
897
930
673
760
254
839
29
12
861
840
693
722
569
556
196
802
614
691
237
969
854
994
261
927
215
470
856
500
423
426
955
320
708
981
432
314
820
461
679
682
653
372
404
574
928
952
377
894
644
614
216
850
960
477
777
176
299
985
676
74
412
984
395
472
965
179
139
785
993
818
819
998
190
224
573
470
176
950
716
172
916
284
374
876
113
151
52
764
489
81
839
901
65
586
725
30
765
864
815
758
682
635
757
224
211
330
46
739
632
115
264
548
751
638
776
865
142
181
629
631
262
820
884
327
406
961
357
172
178
172
930
212
159
39
789
722
369
187
462
353
302
78
901
406
68
30
271
210
211
252
193
473
73
429
152
479
743
509
651
921
33
934
133
545
973
922
267
695
110
81
48
764
159
302
170
228
332
793
790
895
398
336
720
471
765
872
302
508
733
954
781
118
240
267
663
213
541
283
908
651
364
309
768
524
611
290
104
943
436
894
190
834
230
910
305
348
134
607
208
867
913
990
985
505
257
1
719
798
284
979
802
648
288
922
172
251
212
276
546
648
523
736
482
753
646
139
453
780
99
662
999
364
4
985
870
261
986
589
411
270
920
565
270
561
487
443
812
52
71
359
52
946
447
887
700
446
26
505
578
477
167
578
842
171
915
712
784
253
653
196
875
925
113
145
486
601
940
651
5
364
362
57
310
809
944
362
607
323
868
186
800
35
116
994
559
383
706
343
636
711
891
511
637
5
8
475
958
949
126
963
665
488
372
975
650
317
338
257
992
558
795
144
945
911
139
504
294
197
200
282
909
91
145
898
448
154
373
406
455
852
721
120
692
94
95
694
763
785
952
755
343
99
899
641
363
38
145
657
236
345
292
497
789
437
747
237
591
120
644
398
324
365
518
17
811
966
711
574
103
15
681
799
467
581
440
830
971
585
839
559
283
131
56
72
569
803
309
512
276
305
263
600
23
781
969
834
99
33
761
203
400
442
2
867
23
794
697
347
379
537
906
14
20
315
86
941
118
748
806
746
405
69
699
428
202
20
615
302
53
376
857
806
170
859
673
194
653
723
893
384
612
799
751
632
114
189
574
585
937
732
683
343
801
382
123
3
403
738
305
808
466
514
966
637
373
640
183
378
715
76
115
679
227
866
311
342
55
237
279
345
969
962
688
122
345
163
126
100
254
783
260
720
298
227
709
23
219
892
754
934
320
869
613
548
735
276
242
790
866
521
135
187
483
175
310
180
691
788
632
945
923
893
665
221
472
375
597
691
619
351
977
940
220
942
488
955
570
82
97
436
603
585
976
438
112
286
971
803
74
603
748
349
848
766
571
320
141
520
363
112
871
692
52
91
634
892
398
205
974
847
993
577
784
969
368
897
607
339
700
33
294
801
383
495
567
954
167
60
826
531
172
697
575
225
140
210
117
890
767
444
89
760
21
874
82
741
771
689
432
823
723
79
624
106
574
191
412
741
603
238
624
776
935
552
1
427
762
470
317
881
914
406
641
288
632
75
381
403
765
814
579
840
893
555
946
819
99
358
912
702
948
889
478
235
441
831
662
203
654
331
436
920
89
429
560
722
505
942
477
622
756
56
462
1
964
408
820
63
118
732
765
66
621
244
301
62
427
315
617
81
646
53
354
87
483
914
809
340
856
639
962
964
47
424
965
11
184
785
74
302
870
840
720
491
436
373
906
863
688
875
297
686
281
651
773
116
565
935
456
774
574
770
738
621
194
704
633
378
841
707
32
711
899
752
555
687
477
813
551
517
40
200
203
321
203
328
789
120
263
597
894
189
367
633
811
913
689
796
643
530
855
675
594
755
779
501
442
256
314
345
773
706
897
328
28
100
657
169
573
272
767
467
462
486
452
625
752
493
421
395
24
276
71
970
383
202
471
178
811
137
523
936
843
773
265
223
873
274
393
798
546
512
618
360
350
70
985
102
564
758
498
940
387
921
262
770
475
733
948
286
870
824
223
65
597
488
289
822
114
34
621
660
898
239
373
248
661
710
703
577
469
201
869
208
474
131
330
949
216
279
236
438
455
811
504
404
651
145
578
765
179
551
777
429
142
150
29
804
861
732
733
682
933
603
890
759
86
220
709
303
851
297
741
658
460
245
62
111
742
641
876
273
192
653
702
335
804
732
491
17
464
224
699
750
179
941
509
266
161
570
921
365
219
662
23
679
260
438
790
2
431
18
628
623
672
330
310
828
62
153
845
879
730
896
981
909
837
842
527
350
413
448
715
984
463
91
16
75
529
806
429
960
177
57
935
849
388
598
677
802
751
874
33
481
770
14
391
959
857
270
309
622
71
25
606
886
468
622
961
997
781
390
309
958
800
244
159
540
842
188
694
594
62
728
427
184
94
818
143
951
441
452
925
864
829
884
750
649
506
711
646
639
453
307
949
253
552
108
145
746
648
840
692
62
568
120
246
14
290
741
966
83
546
243
947
727
127
697
377
986
760
23
977
566
331
927
171
235
387
317
333
36
157
26
450
725
498
697
739
788
790
57
872
336
653
819
64
780
869
441
766
629
816
744
195
499
23
367
86
762
684
420
150
193
798
601
270
296
650
361
436
440
771
660
777
424
480
193
204
701
634
323
682
802
419
230
654
794
597
740
556
633
512
707
178
310
308
448
958
958
809
747
398
580
407
527
4
239
720
561
940
706
236
623
509
655
853
515
801
802
255
357
787
120
416
965
782
724
413
741
34
222
488
785
155
247
312
159
487
385
72
427
91
308
402
952
315
255
467
116
409
75
474
196
195
890
161
977
967
926
70
1
501
910
138
656
158
451
167
645
836
240
424
279
548
827
232
864
434
51
980
844
126
806
392
321
49
906
651
16
832
721
369
685
984
508
341
142
311
509
139
147
749
563
778
649
742
10
513
529
62
494
373
540
652
117
214
701
23
865
69
208
938
439
893
922
299
587
416
610
96
907
109
197
823
887
846
565
250
360
94
664
206
819
204
210
289
418
912
664
635
981
872
574
772
118
848
71
705
265
33
153
524
142
702
347
382
548
913
632
260
359
296
818
531
500
29
820
271
293
484
906
626
709
832
399
827
681
822
884
298
856
389
822
350
91
170
732
991
435
716
604
794
12
422
677
865
803
497
488
448
334
394
427
43
227
178
222
260
0
458
558
208
847
380
911
290
902
643
281
337
712
885
484
724
660
161
941
815
659
429
616
345
824
43
388
403
221
610
15
573
420
573
782
267
305
45
557
208
40
190
897
752
428
381
477
440
543
418
607
554
200
223
251
376
266
639
131
487
601
146
61
21
719
195
640
376
240
549
584
280
739
834
33
519
215
862
959
110
632
919
16
832
142
267
208
409
258
339
248
859
485
661
232
556
856
872
933
448
421
869
81
513
703
114
384
271
328
696
381
960
615
750
793
757
17
353
518
276
45
767
487
530
780
720
439
989
944
372
437
718
593
518
583
297
984
967
568
312
15
301
273
630
403
418
740
773
771
258
49
816
377
888
699
158
960
138
147
257
862
936
975
455
455
910
752
439
877
672
104
245
326
377
875
729
795
967
502
918
578
903
735
955
144
786
465
456
924
964
713
138
253
688
593
60
950
698
499
180
722
955
425
400
332
652
130
479
620
984
398
198
240
485
505
736
271
323
192
547
639
906
685
892
946
278
952
897
328
804
77
51
759
854
451
444
506
933
923
478
270
321
676
510
158
534
598
429
209
790
976
848
48
661
93
995
292
45
244
620
201
673
23
313
527
475
757
385
760
680
864
30
354
892
892
512
426
490
294
987
633
270
836
681
284
281
28
928
326
272
900
880
945
924
193
824
751
950
210
863
982
74
894
688
318
138
553
97
981
847
84
614
117
272
295
753
553
324
33
880
948
934
112
246
210
305
70
313
607
632
176
941
58
422
630
377
561
183
474
542
382
558
508
851
831
803
605
384
479
638
616
428
924
80
674
134
737
96
799
344
729
976
638
139
750
620
516
663
803
342
557
537
253
65
388
84
221
993
820
700
984
789
480
260
869
154
747
607
603
546
303
684
874
941
823
625
561
692
288
716
34
846
253
287
263
994
723
484
339
896
185
323
685
665
936
906
172
683
865
127
581
521
811
456
462
986
81
376
678
721
444
713
919
50
352
183
44
428
667
383
324
204
59
361
222
995
619
746
678
485
873
611
6
684
67
820
670
500
548
701
574
993
766
493
43
118
28
87
898
48
822
222
604
881
935
826
876
555
572
906
40
445
518
398
481
937
218
504
438
767
557
12
112
323
857
507
793
886
594
692
286
416
914
890
650
850
717
526
405
641
785
797
439
303
195
920
240
765
776
30
884
333
42
996
656
252
855
802
138
449
494
424
218
760
314
868
962
383
746
719
25
531
516
464
186
63
736
779
181
865
809
417
198
204
766
207
456
621
9
946
71
855
722
641
615
388
861
578
772
959
297
149
491
166
613
29
581
701
160
114
566
322
532
117
878
298
676
686
919
37
632
342
892
706
983
859
94
196
789
218
156
439
367
999
605
332
380
538
34
541
653
952
215
185
69
93
483
745
779
754
134
411
97
26
469
432
238
563
629
27
782
137
466
501
488
423
834
868
962
220
761
967
172
976
504
594
69
339
691
848
93
826
611
190
204
80
623
442
996
604
822
130
93
288
983
581
64
817
801
378
389
915
345
914
243
849
508
313
188
199
513
281
377
477
824
934
909
799
376
257
755
198
387
848
839
371
781
903
540
934
281
930
849
978
844
93
827
704
758
367
255
623
0
633
100
824
567
362
975
295
619
730
846
359
930
685
730
711
940
622
998
221
552
847
199
748
292
378
804
402
97
60
26
97
45
478
274
612
192
249
259
812
332
105
171
262
142
253
326
82
875
324
655
780
523
206
880
168
584
685
570
681
745
948
131
790
779
757
754
971
6
13
135
690
471
306
953
613
911
279
696
139
955
703
919
478
910
799
646
846
836
569
880
581
517
11
723
648
768
829
620
126
843
755
817
666
414
122
279
325
753
327
464
708
31
735
186
941
887
185
787
723
106
19
657
975
30
732
624
150
562
244
629
757
351
798
423
765
920
702
443
673
382
259
381
413
995
919
706
234
456
845
309
562
865
966
538
247
51
162
750
613
758
379
370
109
177
145
227
97
199
22
122
581
281
855
346
628
126
52
862
583
250
172
497
115
490
387
714
541
901
464
506
659
843
228
121
20
373
700
469
573
722
591
154
355
446
501
984
573
905
198
508
155
722
5
622
213
745
337
106
646
801
613
658
645
841
779
17
215
831
487
140
905
78
646
260
877
147
244
802
405
795
310
560
517
667
183
82
412
520
189
59
673
154
717
318
995
848
688
562
679
175
54
936
605
701
196
834
200
793
636
605
588
946
518
457
614
701
540
26
573
81
437
246
235
154
917
582
354
605
497
385
132
551
321
737
252
518
924
453
311
560
410
251
507
928
708
473
981
600
851
554
681
289
153
268
795
422
851
150
379
348
887
511
899
209
600
504
79
524
957
390
437
719
993
944
648
701
769
629
302
972
536
335
261
41
604
409
463
807
911
842
155
798
705
406
7
657
910
438
182
219
180
971
939
173
915
939
227
36
568
881
8
104
216
622
497
172
31
960
979
942
154
486
92
211
893
452
869
155
890
403
727
71
374
666
244
641
605
471
677
525
704
37
982
921
659
479
445
42
792
425
984
946
911
429
158
156
881
379
664
771
782
391
842
156
409
439
149
14
262
178
891
967
215
873
240
227
705
685
269
497
110
606
795
374
35
953
882
916
684
546
39
466
937
882
974
346
673
123
712
935
653
604
902
869
829
142
448
886
828
717
383
290
675
179
16
710
484
899
978
169
445
18
987
735
252
314
81
925
437
794
860
443
750
115
312
931
257
760
818
437
829
553
728
505
84
744
567
569
995
898
90
441
268
429
176
520
743
609
797
533
755
657
976
857
772
288
141
382
400
959
819
581
864
899
438
949
996
358
870
991
256
960
784
524
389
312
396
133
274
193
666
29
202
642
239
327
282
380
61
34
691
880
615
555
132
54
504
480
412
374
471
20
686
608
896
76
272
292
561
546
837
579
928
391
221
167
718
855
899
779
889
590
12
856
145
496
262
2
976
26
728
799
46
415
407
294
491
32
586
404
930
775
983
210
167
556
377
237
411
628
369
652
218
733
508
716
229
123
718
205
149
446
356
548
213
116
842
56
148
781
460
78
556
795
641
75
351
18
665
762
999
34
766
217
119
627
285
348
750
355
905
251
154
261
799
367
729
642
424
877
423
236
308
331
32
949
407
383
319
72
498
318
458
264
888
577
243
525
277
993
881
534
245
35
147
396
402
877
38
178
106
461
415
414
793
799
715
552
182
387
976
32
57
786
297
297
363
892
823
992
238
704
526
483
91
25
879
493
902
270
24
9
83
791
775
228
590
843
780
124
230
756
157
287
894
806
585
257
698
760
601
936
464
479
771
555
505
3
400
759
273
776
120
356
567
896
585
509
91
717
634
321
826
791
960
720
597
897
330
295
657
931
584
473
763
355
380
268
358
133
379
983
909
500
340
829
748
277
338
839
994
972
512
820
763
824
893
712
722
223
360
731
506
944
557
269
299
937
889
10
422
269
345
332
121
37
161
869
314
499
60
661
472
572
833
587
396
726
300
470
301
660
554
808
956
463
77
607
752
319
617
175
588
315
507
709
352
668
930
19
519
990
680
343
914
865
283
310
592
935
133
245
595
39
53
551
502
483
510
254
802
128
429
742
443
936
803
147
956
733
166
828
75
846
171
989
64
806
651
8
741
784
253
336
823
307
239
325
142
750
932
944
230
361
686
25
650
841
172
606
574
691
786
1
889
958
990
953
764
641
961
858
778
215
194
601
874
786
279
16
888
211
312
470
924
998
847
574
191
371
533
765
62
319
118
952
629
108
905
746
749
867
604
879
434
150
833
308
936
112
324
176
675
636
646
951
986
845
526
529
217
59
646
279
730
764
231
360
872
489
106
973
356
710
853
142
860
686
450
149
150
126
677
177
114
676
128
452
521
6
981
738
65
627
18
796
391
601
508
615
90
614
588
798
676
793
940
536
479
742
37
981
868
715
158
334
391
639
786
264
645
119
3
63
98
21
211
841
622
719
456
65
685
397
863
361
190
804
249
22
546
287
3
767
354
514
101
97
153
240
361
150
359
716
213
458
737
424
299
712
495
108
777
180
505
992
541
695
796
791
69
695
430
73
462
136
587
915
233
92
155
946
242
867
663
456
325
752
232
976
816
728
84
945
260
941
938
802
989
86
945
58
781
375
131
595
511
70
863
96
514
18
394
109
885
57
565
562
162
149
891
978
229
327
924
490
269
214
292
258
300
589
668
434
316
800
381
179
222
244
275
89
263
21
198
500
431
115
415
593
264
306
923
846
633
199
336
254
413
980
864
714
569
533
500
885
685
881
64
907
126
691
348
389
712
546
241
495
661
656
88
278
962
364
124
948
563
460
554
977
792
419
43
713
952
895
598
989
776
14
248
254
57
597
995
121
143
237
617
157
893
57
435
208
421
559
156
337
371
62
666
163
481
61
876
785
956
826
774
84
192
23
339
601
620
334
722
115
571
691
272
817
101
707
25
522
618
533
211
341
595
877
856
429
290
84
214
246
910
341
331
454
716
22
55
