218
436
241
922
271
931
943
856
341
713
182
529
529
180
806
166
945
641
691
135
444
757
465
962
752
971
15
978
286
191
751
857
627
344
779
898
627
722
107
968
787
289
498
668
821
656
835
118
297
878
253
93
636
71
55
740
42
423
70
680
614
822
537
241
518
316
492
146
391
599
114
178
240
964
847
414
620
34
532
917
912
786
363
900
857
418
992
251
193
63
931
807
885
821
401
755
137
893
901
528
844
16
59
84
332
258
498
953
292
383
222
556
521
585
457
730
356
449
981
549
864
264
357
101
85
758
857
575
3
758
455
847
126
866
283
459
124
134
412
768
517
986
677
390
572
486
120
280
935
453
181
152
717
538
253
155
648
110
82
3
869
537
202
995
404
486
806
880
972
570
1
841
557
678
231
481
164
351
761
451
804
942
603
873
833
857
380
833
967
462
189
188
0
391
536
756
229
342
636
201
913
637
42
470
667
273
303
831
976
64
283
132
358
238
358
543
95
738
729
415
201
918
603
553
309
491
661
539
834
297
92
99
287
135
921
954
760
224
138
737
640
421
221
350
659
579
894
107
670
623
522
223
893
477
776
202
969
789
93
155
438
186
606
725
673
527
32
433
103
170
522
743
943
744
445
602
675
339
61
345
314
583
568
207
413
696
762
382
485
855
889
924
393
495
1
66
22
385
500
125
555
374
220
498
470
665
453
146
357
514
491
23
450
412
583
215
460
345
597
946
552
838
222
298
333
575
364
707
961
216
184
516
943
756
367
413
421
172
559
130
38
403
154
840
167
89
55
627
434
652
925
338
842
499
636
175
75
353
234
36
921
418
904
864
174
623
278
948
795
189
430
834
592
936
26
111
25
82
739
811
86
16
502
929
516
138
456
591
843
691
979
765
461
235
981
636
211
259
936
6
801
718
192
393
655
571
857
32
653
596
844
739
612
346
668
480
836
125
423
32
816
754
149
629
990
130
617
553
742
553
911
543
624
456
936
279
27
793
311
680
741
507
419
706
853
88
186
42
565
610
74
733
716
223
362
58
353
980
611
95
885
523
638
509
979
927
140
6
72
452
38
166
959
457
224
165
897
410
207
814
372
633
547
89
856
262
147
561
242
111
9
479
634
999
989
965
278
129
971
351
933
9
869
245
818
93
410
68
855
969
882
228
954
430
669
810
44
168
723
638
279
732
117
265
732
458
230
10
940
201
713
873
562
934
118
733
27
880
801
883
201
683
463
155
465
484
317
509
4
393
499
284
125
617
549
209
427
780
572
367
333
637
241
248
572
711
981
951
944
134
186
497
817
1
653
635
485
322
496
490
715
996
126
193
965
27
402
392
159
326
760
493
964
353
93
888
64
74
839
360
208
26
858
377
27
863
364
865
537
861
707
253
209
833
798
174
860
552
566
20
879
678
865
195
31
958
83
448
384
274
808
944
300
666
673
680
881
38
897
419
899
604
24
108
437
174
634
649
726
200
21
957
879
238
152
910
196
587
710
932
862
519
876
514
537
550
546
419
940
443
190
839
47
566
299
836
740
933
838
818
485
859
776
716
98
280
979
646
220
689
931
82
208
807
948
98
709
847
869
649
290
59
840
338
977
491
526
717
776
364
887
262
576
663
330
26
296
309
24
516
351
955
950
911
115
250
9
176
97
878
826
388
289
18
78
266
510
956
335
638
321
223
252
249
238
583
275
886
244
299
402
947
255
704
859
722
955
220
898
52
99
76
792
740
95
870
359
957
827
46
595
500
621
200
749
860
783
376
746
379
675
501
327
282
205
538
4
160
758
255
565
209
331
357
950
778
580
661
735
407
707
683
259
329
883
360
541
18
736
287
749
411
140
428
46
346
966
402
858
725
657
423
286
989
781
588
767
361
249
855
120
957
890
731
638
125
91
179
495
827
818
244
590
959
673
636
305
991
39
515
716
696
939
3
37
72
943
157
433
193
12
905
502
902
636
140
379
727
319
874
554
137
118
144
448
143
133
105
135
172
621
203
220
560
558
610
632
502
767
417
47
779
322
549
33
310
689
764
389
360
638
295
849
108
791
298
604
924
403
91
448
24
294
21
936
205
631
920
707
398
337
106
529
11
655
914
673
344
678
62
704
668
357
905
776
149
203
732
425
959
823
874
335
118
247
272
675
878
192
734
628
882
840
509
893
495
423
919
191
453
981
895
121
691
152
249
192
356
982
617
315
805
843
650
275
90
274
950
320
819
684
948
701
876
457
946
371
232
865
562
37
847
809
510
890
962
112
82
670
94
51
985
251
895
987
879
337
614
181
658
433
218
958
134
94
768
80
466
352
946
380
390
145
190
900
387
152
364
469
822
810
872
159
62
767
498
293
457
112
826
467
545
44
777
679
491
545
112
309
898
410
689
640
907
879
892
294
383
257
115
557
67
987
68
481
107
567
126
564
31
953
383
577
349
160
608
840
58
72
149
308
482
191
948
389
422
192
35
806
449
502
715
869
490
784
702
949
703
829
865
734
782
248
663
483
760
624
324
818
696
825
478
179
16
778
920
439
971
308
597
772
810
312
641
652
448
696
601
503
525
466
590
659
714
253
142
827
877
466
645
574
644
124
105
12
902
377
451
225
685
400
998
848
713
991
500
513
687
102
17
564
568
607
223
635
212
366
462
442
184
459
368
828
583
473
841
838
202
644
415
240
45
413
88
110
757
588
623
796
690
992
361
611
951
584
246
516
302
60
958
487
519
326
667
455
151
508
293
353
505
708
593
550
474
33
660
583
622
635
379
664
980
92
275
283
29
873
799
331
933
757
818
453
435
486
908
586
346
553
292
851
613
237
401
439
271
413
22
245
401
754
909
733
198
537
16
227
762
816
559
48
925
377
501
361
215
761
947
562
666
239
413
279
477
167
71
100
932
93
345
685
199
606
418
398
495
435
625
258
603
536
306
528
266
159
889
481
920
837
43
938
428
809
217
257
328
288
709
612
734
54
298
285
13
716
683
508
503
661
766
106
549
424
635
815
583
876
297
855
65
692
793
494
853
363
103
533
3
813
146
737
219
796
375
232
864
410
741
368
423
859
826
973
636
813
788
571
690
437
427
755
130
572
601
335
287
705
869
291
870
367
380
89
163
755
674
27
166
767
747
589
626
574
562
614
739
703
186
429
140
965
537
622
537
138
958
825
843
179
468
65
546
848
155
61
604
181
440
122
948
540
711
926
466
626
541
205
329
727
635
821
692
172
444
581
662
754
758
858
933
226
923
831
427
430
244
383
611
684
505
559
224
568
486
42
546
27
248
875
106
235
697
150
759
493
731
421
247
842
279
532
420
555
363
847
985
607
582
597
643
439
508
220
8
994
262
554
373
510
782
831
97
831
981
856
324
65
278
571
907
909
103
327
464
818
527
450
777
109
399
420
549
259
992
909
606
255
815
979
117
597
811
215
428
144
71
104
209
701
27
116
963
482
796
427
300
675
229
429
784
980
202
685
240
194
946
846
801
762
177
919
711
340
486
492
485
557
596
694
611
976
163
574
458
311
353
111
986
935
540
770
915
94
808
155
289
754
353
90
868
531
361
932
871
847
424
708
757
372
755
720
348
918
646
807
229
999
270
215
934
162
337
202
257
497
709
546
604
63
988
824
946
350
756
169
549
180
878
306
905
633
378
253
903
24
412
132
24
34
699
310
197
388
512
454
238
222
0
842
637
340
18
583
42
775
752
592
307
982
250
212
615
629
818
518
653
582
2
29
617
53
340
814
794
204
620
32
778
972
226
767
312
244
702
355
371
807
299
679
789
901
243
405
530
413
275
536
996
630
917
965
683
609
131
477
814
751
509
944
723
87
712
35
332
766
742
55
573
393
734
363
295
978
120
177
391
747
65
739
377
983
704
61
944
187
890
758
938
752
55
661
839
119
49
523
885
143
579
459
889
665
174
184
643
294
713
387
41
131
478
771
466
535
832
410
722
722
521
661
826
576
674
666
47
75
541
932
571
120
743
460
786
917
996
781
563
61
520
957
192
351
728
658
886
560
421
960
634
942
973
813
870
648
479
917
75
372
849
646
493
593
106
631
862
102
764
426
164
637
383
708
988
111
719
226
23
140
186
9
82
160
822
952
160
653
869
587
26
70
234
871
15
692
502
878
147
618
304
311
255
39
371
595
150
90
821
525
230
360
534
664
872
709
968
384
362
837
971
388
260
557
611
275
250
465
153
749
84
809
412
691
848
783
639
350
874
460
227
456
172
762
121
396
471
89
780
185
279
104
926
891
13
537
166
615
3
672
364
439
833
776
482
34
560
121
384
786
934
612
242
106
726
715
855
549
157
635
86
788
91
12
679
105
902
845
720
257
869
85
48
703
861
530
737
773
652
473
559
586
437
154
44
515
221
899
416
378
887
503
518
978
867
197
435
769
395
156
378
616
593
426
319
806
957
408
580
609
234
491
547
23
997
591
539
219
843
955
949
730
810
468
708
678
17
144
447
764
652
826
381
245
252
700
51
561
461
983
170
47
475
69
70
824
661
961
43
504
269
345
586
79
165
646
757
182
142
557
299
794
735
680
391
987
732
443
901
193
778
423
592
253
493
663
78
506
624
473
362
893
818
948
325
335
594
82
870
737
991
169
883
726
849
275
66
581
70
967
127
