183
774
692
638
982
189
996
141
835
728
87
794
858
148
352
739
172
89
444
132
33
713
672
191
997
866
573
56
683
929
431
866
56
124
505
38
665
853
179
501
581
266
647
792
766
352
531
290
441
327
422
826
41
447
18
390
313
943
798
997
224
229
863
280
705
720
318
723
925
849
576
859
467
223
651
234
575
534
524
368
213
299
547
606
746
565
996
59
860
146
56
84
728
272
365
433
344
35
508
270
885
84
481
352
660
132
938
235
18
815
956
231
114
503
838
212
420
186
623
280
333
32
364
413
304
81
198
0
469
707
622
706
143
103
410
803
587
349
391
605
164
347
189
630
202
379
842
974
917
817
254
250
849
970
15
505
404
214
506
873
921
480
579
64
584
989
868
523
690
259
129
206
958
670
188
512
401
382
486
318
200
740
921
49
62
936
555
466
150
61
691
71
893
622
488
477
612
356
1
654
967
482
861
925
504
401
437
905
784
923
223
984
15
144
33
429
433
588
896
583
1
939
655
895
562
495
724
526
851
77
180
170
911
393
447
415
795
884
672
579
159
896
915
526
392
948
955
825
889
203
409
242
143
416
489
57
263
214
583
466
643
115
636
907
861
83
322
656
319
347
587
830
243
502
356
987
802
663
165
691
219
926
286
714
694
775
771
957
341
354
423
985
469
59
892
330
494
566
338
813
913
277
643
508
131
351
848
934
14
13
977
585
939
263
299
985
39
70
942
380
424
365
717
246
776
961
928
270
528
619
83
793
896
78
302
28
429
502
314
795
515
291
381
806
907
32
791
946
103
85
678
879
450
748
125
578
709
406
848
589
25
283
383
921
361
37
301
142
539
615
289
406
259
22
212
166
55
355
464
158
440
494
389
242
242
515
820
952
921
668
893
298
303
276
219
664
313
521
158
204
488
799
610
747
822
822
265
229
529
729
739
969
576
128
211
818
995
31
122
268
51
16
566
354
292
138
370
958
11
880
514
499
680
125
599
854
299
864
83
829
946
822
798
522
302
362
692
298
393
815
566
797
183
485
151
827
623
874
137
634
754
652
133
434
777
84
640
76
301
723
257
599
897
408
121
200
770
165
850
515
332
768
312
515
253
816
343
228
690
832
862
444
484
348
231
261
432
223
690
733
947
947
684
196
355
805
748
477
323
950
993
655
719
305
523
324
473
218
553
163
50
415
960
535
763
543
148
548
766
838
633
65
138
318
614
845
475
362
323
798
313
316
806
32
973
329
708
799
547
261
314
597
677
274
484
792
169
633
340
288
823
326
353
313
996
319
159
471
682
834
622
995
502
428
379
827
109
87
626
656
701
941
605
378
567
90
522
737
75
215
377
898
541
82
212
537
402
723
360
84
557
982
431
59
762
162
886
871
601
513
527
302
806
485
32
373
575
555
462
650
122
839
900
663
922
112
552
676
835
912
760
744
247
543
803
9
57
42
233
658
907
112
313
713
597
697
86
524
252
549
526
726
740
427
389
14
891
293
690
79
558
450
823
805
345
979
166
402
21
399
413
280
512
78
993
461
775
431
986
380
332
512
106
73
291
848
87
183
141
778
262
699
580
437
856
278
416
375
680
789
126
445
69
990
523
414
452
299
846
790
31
178
654
137
603
946
985
691
481
479
821
95
530
753
532
739
31
301
114
64
442
240
509
864
231
385
278
35
36
124
825
67
655
479
556
610
777
542
301
610
373
474
705
903
228
238
994
611
891
108
675
333
701
185
197
932
570
476
319
606
952
144
25
959
975
581
570
105
475
223
715
848
50
421
104
278
11
98
889
902
559
565
587
260
102
785
544
24
613
863
630
917
359
655
229
686
236
799
791
64
374
859
912
424
632
368
54
643
467
944
897
378
861
484
638
315
621
182
339
586
397
321
856
756
328
85
442
916
236
586
980
610
445
893
387
429
261
441
72
80
737
321
810
950
805
448
265
779
982
604
717
731
277
573
487
605
658
282
522
894
220
502
857
17
747
244
446
361
685
870
793
423
191
604
373
348
52
991
127
387
947
845
118
225
418
958
830
429
592
704
323
812
207
180
181
306
424
627
667
462
497
461
237
688
65
962
388
469
953
868
856
253
65
327
478
835
285
660
264
877
717
940
689
276
120
870
582
897
849
250
711
698
63
948
738
128
910
126
949
216
994
806
469
59
485
299
247
770
959
511
647
28
451
688
304
924
910
887
173
111
137
884
809
552
184
547
680
94
673
981
662
20
139
131
431
624
430
678
394
742
190
393
770
993
433
427
269
343
314
442
806
803
678
615
355
862
514
387
957
540
368
619
560
508
103
343
132
885
22
879
627
564
272
750
909
706
177
179
401
843
621
208
646
300
175
353
162
690
740
471
230
108
443
790
968
898
485
101
783
507
980
763
423
604
865
333
662
394
512
64
237
133
624
235
785
799
588
948
489
328
771
71
788
214
213
757
112
699
210
248
206
542
11
982
146
876
315
809
270
827
225
859
960
849
94
98
0
682
46
842
362
169
913
150
736
479
259
200
178
469
448
736
363
459
718
862
687
33
23
957
212
248
816
525
449
262
623
801
944
21
643
306
190
909
809
926
388
68
127
918
890
575
654
605
387
725
467
74
758
490
384
971
90
552
496
539
815
119
693
759
140
336
418
682
597
227
609
985
647
88
903
889
15
910
495
402
635
962
829
745
805
213
716
895
117
564
787
932
35
480
44
527
168
462
210
766
41
171
103
40
611
359
930
626
269
777
29
256
91
210
1
248
775
70
144
892
986
283
825
22
763
221
901
283
35
111
49
76
634
153
468
245
864
750
872
485
879
253
741
971
815
742
219
590
164
715
482
151
998
659
525
113
880
426
397
915
890
798
343
524
951
812
122
167
914
346
652
794
951
393
765
766
488
336
708
652
404
190
155
402
202
680
868
82
107
265
350
997
63
693
873
367
857
995
534
772
693
539
918
644
932
35
762
772
371
470
777
775
13
932
530
215
613
398
649
720
15
999
69
430
45
942
149
902
290
36
26
983
575
944
980
859
979
742
632
703
565
409
830
930
341
360
145
306
110
146
378
477
146
447
908
191
390
57
445
680
93
472
15
20
768
995
880
748
90
864
803
7
273
633
937
966
346
434
625
456
580
3
934
726
451
194
269
841
603
715
873
697
539
240
69
307
236
949
407
678
813
210
685
438
196
622
757
542
56
382
998
988
385
284
715
836
478
336
29
82
403
254
131
942
495
552
250
83
502
9
761
667
572
798
106
768
772
863
310
828
597
660
816
982
945
883
171
775
572
552
209
975
807
692
918
654
245
520
737
99
529
850
118
453
0
576
221
772
439
531
600
388
544
768
371
841
4
894
968
576
446
178
903
253
222
821
259
819
693
348
270
575
550
389
28
550
965
250
322
757
133
274
145
29
395
868
870
399
762
839
327
209
369
230
814
943
404
426
763
97
774
385
672
325
774
53
875
92
655
198
201
788
472
346
818
867
567
40
618
681
879
297
890
248
880
57
192
284
483
307
733
257
692
758
934
819
811
810
263
466
360
464
606
184
162
776
404
81
817
374
763
48
672
5
649
552
62
841
188
897
500
921
507
544
679
441
715
842
603
978
660
963
794
267
148
957
395
904
38
212
278
153
613
950
159
262
854
221
455
42
471
955
964
978
851
995
419
567
190
23
897
850
338
692
469
838
1
865
742
391
429
21
545
42
323
56
656
530
277
111
572
748
66
888
78
270
236
498
189
426
873
86
276
211
130
98
50
483
315
144
227
744
517
124
139
193
180
795
723
457
259
295
558
677
536
636
947
772
486
136
198
711
575
826
923
705
276
325
541
591
821
768
688
339
892
179
884
72
326
607
881
585
254
791
263
790
780
210
562
618
699
112
330
274
291
605
331
567
282
872
159
103
992
199
794
236
378
678
660
704
285
542
642
540
685
905
682
817
467
245
436
518
709
118
792
0
723
476
568
5
700
79
108
693
278
255
281
8
933
942
64
571
836
706
111
521
963
145
339
783
390
127
301
100
245
446
452
320
274
372
325
974
451
785
19
81
40
301
441
326
243
506
897
79
564
360
952
880
505
643
663
248
770
316
700
367
762
152
687
36
525
12
363
328
150
382
410
542
35
203
868
278
709
117
709
626
477
662
506
335
305
521
583
428
837
635
795
600
787
835
988
312
199
351
641
349
86
403
244
121
606
112
752
668
582
461
646
59
475
152
746
133
673
681
561
862
316
708
462
104
895
803
768
95
506
761
796
592
516
40
714
475
505
818
143
87
279
789
498
107
293
245
240
318
926
153
180
595
213
995
699
109
798
819
556
304
581
352
249
97
393
315
924
250
133
67
337
764
208
835
871
501
432
463
819
711
616
352
306
830
347
357
291
145
176
847
801
109
199
50
559
944
717
483
546
850
551
883
967
111
71
838
965
855
302
136
566
270
488
224
452
835
581
743
332
758
590
134
219
142
536
778
438
254
262
985
456
165
220
423
276
643
262
593
499
916
730
417
186
218
642
639
406
223
734
738
333
677
224
553
819
113
683
609
367
945
946
175
110
167
599
739
162
213
332
661
129
414
431
667
985
73
658
391
648
745
481
334
422
706
239
241
819
922
202
538
868
149
713
330
668
664
421
830
877
106
844
358
520
275
26
857
700
36
248
348
781
82
34
203
140
273
796
311
196
351
849
416
500
914
98
520
579
520
702
456
978
546
167
850
173
545
708
873
581
308
222
715
390
256
270
530
882
419
841
78
770
42
846
622
957
944
142
888
816
844
696
146
743
863
997
916
760
705
790
342
13
364
409
404
972
679
286
854
450
128
284
220
522
130
194
831
427
336
719
595
533
768
742
628
983
91
544
744
796
686
438
161
50
847
917
375
878
204
229
329
332
514
901
206
996
96
38
775
784
109
723
669
877
817
297
861
908
194
957
56
232
395
217
635
242
135
10
472
339
591
153
23
105
55
581
454
503
619
581
287
729
656
957
958
473
606
819
733
152
776
789
385
523
359
372
765
494
382
590
185
973
743
560
431
150
493
237
653
113
170
941
194
827
250
152
300
208
972
34
361
100
175
98
624
534
470
741
380
852
683
917
177
427
829
960
929
323
197
583
436
368
876
630
195
126
134
847
334
106
233
47
559
409
145
535
943
615
628
676
819
312
593
997
91
775
957
20
98
507
603
886
875
479
868
422
957
2
621
292
461
855
339
20
264
837
907
559
452
535
587
624
847
181
973
938
308
930
959
406
789
914
292
16
394
512
438
351
514
412
995
975
267
687
347
883
524
254
442
328
142
382
952
989
915
925
280
223
208
591
629
349
505
273
366
251
785
156
955
299
568
302
627
835
341
974
70
217
581
865
546
723
247
850
64
162
128
696
385
688
287
14
37
145
639
755
748
424
912
55
723
480
358
702
668
699
677
738
917
610
603
815
333
202
17
749
364
145
446
749
185
85
115
575
582
754
330
331
178
242
738
254
75
96
956
95
148
985
185
65
595
141
232
280
343
249
30
708
747
828
809
932
265
925
507
848
31
838
531
210
432
621
816
507
718
124
954
866
110
140
283
57
281
867
338
624
116
720
684
215
900
494
148
165
771
7
365
802
845
248
364
630
870
180
137
940
657
444
158
767
584
793
824
865
660
514
841
128
234
878
344
486
724
492
652
495
851
369
649
49
618
366
679
840
898
168
780
555
612
290
674
196
83
499
413
95
365
607
223
952
837
567
438
561
411
442
408
263
812
409
664
782
775
343
622
674
511
754
229
124
44
904
672
479
755
86
574
472
45
797
424
882
717
863
795
480
657
203
95
469
612
759
251
388
102
225
414
614
331
643
90
727
899
114
206
654
552
132
127
597
282
903
831
999
118
626
479
776
829
927
245
794
686
849
534
789
426
948
755
110
943
197
837
195
311
396
201
864
528
680
813
162
584
645
161
702
271
993
830
453
920
428
599
606
277
133
747
55
433
502
165
728
51
3
275
363
751
477
227
631
157
40
794
93
37
307
796
309
652
978
114
572
406
713
531
35
198
630
91
983
485
256
63
536
611
339
899
714
816
478
346
973
871
492
67
908
799
215
217
452
193
683
376
952
396
259
987
594
890
78
929
727
687
993
263
298
332
163
13
500
993
711
473
864
203
892
773
2
459
342
806
5
26
535
957
422
794
944
369
36
375
650
763
62
643
379
360
327
894
725
827
887
788
653
752
991
545
877
346
357
219
504
362
245
39
671
20
186
615
741
574
342
391
690
404
387
69
117
714
963
194
542
850
983
195
954
974
92
831
672
449
51
177
163
648
216
834
20
754
802
761
329
144
505
19
549
892
440
666
606
403
860
500
605
843
695
560
170
140
743
842
589
146
19
753
147
588
587
167
342
389
281
23
534
786
42
435
30
482
101
988
237
313
489
195
509
536
755
679
28
850
873
618
997
245
723
496
185
662
663
879
52
296
903
938
434
945
373
464
780
826
805
369
491
646
564
0
534
671
31
563
522
257
181
871
502
256
367
39
918
382
918
322
679
821
260
113
119
985
930
251
163
87
620
655
733
185
7
267
208
39
830
82
648
363
953
502
619
672
541
538
407
459
860
438
633
473
903
752
810
833
3
974
920
975
981
5
512
988
273
721
379
455
803
27
171
109
529
790
133
422
680
540
234
893
978
867
366
882
619
528
67
974
502
340
949
483
697
462
824
322
183
555
778
338
583
949
447
464
91
581
887
772
121
473
17
452
340
383
686
959
911
105
285
766
797
234
601
495
48
777
817
231
333
947
922
916
896
369
732
340
950
971
112
424
444
129
876
784
864
914
95
127
19
380
245
169
967
847
664
15
624
833
599
957
781
521
225
29
242
310
369
193
633
833
969
78
314
197
214
530
111
662
658
482
394
903
651
361
102
667
729
79
501
680
388
634
201
966
663
795
276
385
988
261
218
957
339
885
506
906
415
617
568
425
452
962
681
103
676
783
123
757
214
976
437
603
962
990
921
625
785
197
362
126
810
933
435
502
818
942
408
585
559
328
11
363
642
692
819
670
827
942
427
42
270
864
645
232
206
918
209
992
115
572
118
277
505
905
779
675
847
187
260
759
867
271
122
510
315
941
180
143
235
960
185
505
824
182
737
31
100
947
375
567
871
845
844
728
750
976
755
950
163
15
709
31
639
183
893
954
125
425
97
712
385
634
218
562
168
307
945
620
606
320
187
477
517
384
557
619
360
312
569
875
328
630
258
319
814
503
273
291
929
723
3
314
709
221
876
878
529
821
498
487
493
38
965
10
774
522
630
486
187
551
361
515
182
620
186
996
123
459
287
404
534
290
719
596
864
947
826
745
121
676
232
614
714
549
977
840
72
959
326
259
510
40
126
692
12
312
40
487
123
327
892
10
970
963
958
186
910
784
931
383
460
163
998
527
65
327
367
137
286
46
748
796
86
226
841
98
890
881
585
365
561
829
727
883
792
685
69
55
469
352
438
282
867
788
809
932
115
528
421
401
574
169
550
12
747
391
110
989
624
48
355
185
877
82
68
22
120
489
77
589
841
867
871
709
656
32
641
123
561
63
877
487
584
427
500
332
170
962
673
794
362
28
980
592
463
400
614
583
890
691
524
83
558
748
792
566
132
786
690
45
849
567
533
433
346
385
117
516
699
791
662
62
171
994
654
986
395
620
921
637
311
798
720
221
898
865
788
30
651
830
76
500
749
961
285
95
698
755
963
397
898
625
811
421
620
817
408
367
437
681
356
748
479
76
322
377
293
462
760
944
292
188
796
393
149
434
840
199
189
803
596
439
780
760
212
752
577
620
119
15
654
475
115
133
904
437
863
197
251
975
494
895
163
290
288
664
724
128
863
265
283
811
56
64
571
269
816
149
241
288
516
895
763
983
381
19
773
596
569
24
571
63
920
86
353
560
750
430
689
965
695
324
776
752
388
700
21
557
201
262
845
717
510
960
52
891
980
825
487
549
850
410
612
122
496
317
682
598
747
723
563
795
48
691
547
436
743
920
345
944
534
190
13
44
503
66
287
835
891
126
384
93
888
348
215
384
17
898
334
117
621
249
912
669
293
811
458
36
731
803
981
617
346
346
662
201
412
301
36
656
428
772
749
316
472
317
53
489
215
739
606
188
989
870
210
282
681
20
670
412
175
3
30
873
350
44
74
114
697
110
122
125
882
872
794
354
541
199
196
756
938
802
296
927
673
858
561
706
878
232
119
54
235
501
927
585
897
2
52
594
464
174
72
347
398
866
53
939
65
249
695
355
404
344
283
429
202
844
135
433
428
606
487
664
459
766
601
356
120
653
303
585
828
375
284
226
593
337
166
10
939
213
365
343
909
648
772
112
845
259
897
273
866
384
289
325
502
891
34
975
544
337
912
724
712
196
303
305
885
821
667
176
34
32
519
296
33
643
760
878
903
657
503
121
393
793
446
895
36
832
222
932
169
134
657
233
682
960
538
920
781
205
96
167
590
616
463
623
611
223
501
866
232
356
987
625
501
786
873
537
618
95
470
788
230
479
21
264
791
912
184
572
469
281
91
59
249
907
682
212
482
535
79
715
244
66
340
745
204
213
635
823
661
457
963
891
936
336
507
727
600
692
651
422
325
94
833
926
1
868
138
836
403
217
551
999
636
243
97
840
809
84
15
470
541
330
713
829
19
220
908
619
264
911
393
589
5
227
515
359
95
6
195
850
223
98
850
211
693
299
52
502
383
419
972
924
750
685
105
121
906
13
740
170
924
486
112
281
713
979
992
808
985
539
658
561
637
860
772
331
159
176
833
542
596
158
818
698
843
923
819
101
936
911
624
212
397
88
494
110
67
838
270
405
378
929
966
367
789
738
698
949
267
884
843
863
394
662
913
237
585
84
691
874
995
315
86
745
403
932
207
822
771
478
227
501
759
193
868
900
284
567
201
551
803
45
766
197
707
679
786
644
763
477
518
110
144
957
207
547
241
415
722
364
245
949
865
356
495
734
256
779
653
458
682
456
503
800
5
562
479
143
206
594
973
725
56
117
34
264
17
275
31
739
640
628
688
505
984
535
239
240
314
244
50
348
52
553
148
57
115
979
553
322
925
526
399
334
995
433
598
12
60
981
103
700
609
792
558
593
327
149
185
994
394
236
694
446
141
195
856
257
174
409
931
452
287
682
786
282
467
384
295
527
717
398
580
326
542
490
271
222
639
808
568
385
44
614
832
538
809
40
147
984
801
430
788
88
112
574
722
931
310
369
458
27
120
390
705
662
880
976
236
520
136
156
905
181
771
89
71
580
129
218
916
282
648
704
370
760
630
93
691
940
462
501
967
582
892
672
597
124
0
185
644
137
694
902
670
465
343
741
397
825
311
666
107
959
722
478
71
353
923
762
645
737
615
613
672
859
637
621
984
990
806
980
479
500
882
501
317
226
594
67
403
905
85
510
864
159
340
935
512
263
49
158
353
664
123
25
524
112
646
508
102
804
488
933
657
723
434
326
301
28
745
704
285
830
214
149
990
555
436
854
170
485
364
523
502
839
900
26
952
898
886
406
703
726
340
712
801
126
38
102
507
784
158
792
614
725
942
956
632
378
163
802
216
879
678
718
719
930
96
23
829
334
781
884
412
473
596
214
600
634
668
107
770
179
899
737
904
193
693
536
924
208
690
140
88
720
210
159
651
658
534
832
992
315
68
756
789
16
970
741
2
991
848
773
170
99
510
426
293
555
962
217
764
4
357
204
725
919
715
728
577
249
912
921
564
980
677
705
996
0
446
350
991
646
123
513
746
633
939
39
541
253
256
657
257
965
861
334
884
928
62
461
177
326
382
93
306
411
151
654
411
597
5
402
596
480
267
342
466
206
381
7
459
989
664
69
306
877
403
190
805
818
3
334
144
737
427
803
500
578
457
912
528
814
666
124
647
934
818
113
492
551
472
304
540
136
373
198
365
776
388
522
594
743
856
91
832
283
894
332
214
703
596
94
870
263
218
517
197
388
630
41
939
102
345
831
590
718
29
307
847
769
829
793
864
685
884
696
320
778
380
534
482
977
980
352
240
550
221
789
938
851
182
877
305
528
60
247
598
89
554
797
858
383
591
74
420
827
770
740
958
503
627
440
480
607
144
72
510
365
213
448
568
395
678
225
275
738
472
874
828
378
671
38
761
614
113
181
794
235
273
752
90
252
192
570
212
688
994
722
405
559
170
325
955
848
550
230
939
22
456
119
400
480
509
513
94
974
46
888
210
671
640
300
924
184
223
136
224
569
858
629
129
28
954
436
229
856
18
168
878
475
639
630
955
148
495
401
123
893
642
685
565
634
985
489
819
560
625
395
482
835
377
963
215
683
399
444
540
769
964
770
244
603
753
551
104
248
953
227
142
595
912
707
581
249
548
400
162
525
148
644
360
525
959
575
208
710
372
100
479
688
871
724
644
624
275
748
224
580
975
718
527
239
425
109
488
325
861
650
850
361
646
562
886
957
490
447
667
862
547
147
902
770
871
546
746
498
646
971
431
973
689
310
212
467
419
53
144
633
55
995
994
54
909
233
11
399
32
679
613
579
826
516
702
49
414
448
547
413
771
330
386
461
641
951
280
412
4
424
45
411
771
392
465
681
977
477
80
9
156
46
940
334
562
642
383
328
443
282
741
214
613
480
27
606
431
307
18
787
84
416
198
855
160
664
888
137
141
321
146
649
367
86
983
281
81
366
609
524
0
703
738
613
183
766
219
614
425
590
753
509
6
951
717
166
615
605
655
108
278
801
757
645
239
92
278
672
810
240
196
811
943
287
424
478
405
996
444
830
586
197
692
944
148
409
462
116
366
117
224
645
270
334
642
509
426
921
534
237
161
730
400
456
369
176
934
774
524
378
957
110
927
649
406
75
410
868
191
128
337
768
125
607
102
120
469
880
41
3
469
554
85
869
10
455
398
296
581
922
26
890
385
953
891
791
380
653
12
924
782
349
692
259
957
146
379
778
26
772
781
848
326
218
69
688
25
467
336
959
390
362
849
775
667
741
918
48
394
930
972
528
280
16
788
589
162
167
367
540
940
500
388
618
70
810
307
96
277
995
55
19
358
256
794
25
997
713
73
392
995
397
272
275
413
60
216
575
580
935
468
872
787
208
490
858
18
149
306
296
145
713
315
855
969
462
880
967
527
306
711
522
55
983
150
469
396
718
396
328
654
216
200
793
425
42
651
443
192
309
91
689
22
407
544
344
221
776
311
748
434
374
622
490
709
124
311
457
843
59
785
849
276
985
642
701
380
646
144
924
955
236
613
330
995
509
674
216
637
337
316
72
711
290
914
772
415
225
230
258
284
367
107
560
705
749
261
85
395
758
9
703
346
974
33
341
483
707
909
120
44
577
544
755
867
458
879
282
35
109
540
320
477
999
232
182
749
846
619
496
604
628
199
302
602
232
643
437
939
552
909
983
129
454
90
348
264
322
631
300
431
171
972
260
171
204
794
272
402
413
768
358
393
968
660
995
552
303
784
492
207
694
827
688
500
270
37
764
592
668
64
375
191
388
988
714
593
782
986
347
548
107
706
941
427
366
289
979
670
73
823
229
119
651
918
619
273
307
384
865
327
800
240
518
541
228
585
486
363
923
833
263
30
539
556
809
906
845
141
928
271
964
157
742
967
427
362
240
86
98
457
413
250
50
284
791
630
869
277
345
144
111
608
527
650
165
336
908
362
477
836
633
442
346
376
761
773
90
2
860
188
811
625
790
861
909
582
492
130
859
837
275
322
798
802
325
963
490
233
325
968
422
311
762
768
39
523
893
129
877
105
669
689
731
459
902
992
41
746
123
253
936
750
927
734
904
252
49
394
486
374
714
260
37
476
28
76
352
921
205
581
27
874
270
110
686
525
102
727
271
577
332
559
679
260
293
583
512
694
330
350
421
44
610
458
873
990
535
577
912
92
158
291
319
781
401
5
306
855
84
929
433
417
489
464
677
134
48
541
829
730
244
250
126
206
708
999
197
595
928
109
688
87
752
359
868
505
364
174
360
800
103
145
217
944
610
246
79
10
140
260
92
384
510
218
590
570
570
787
166
498
248
206
585
352
565
805
857
281
979
218
433
435
715
651
379
677
249
810
687
741
70
779
125
932
350
68
503
920
207
21
770
456
227
356
160
144
161
18
777
493
588
210
280
303
213
11
981
815
822
20
556
244
152
34
177
502
102
32
774
661
53
544
117
632
252
630
128
414
648
257
259
588
819
891
891
33
902
224
200
76
597
108
321
749
142
850
251
596
882
25
258
287
921
727
271
174
357
399
940
357
656
199
945
475
90
189
860
344
413
412
421
10
521
94
111
15
944
362
964
178
739
222
465
661
301
736
835
659
487
775
368
495
326
314
322
768
503
535
112
268
947
533
631
820
627
742
836
923
457
800
101
548
374
918
561
675
6
748
686
845
523
55
340
201
721
663
321
576
198
434
844
497
319
475
318
299
570
506
222
27
658
676
575
32
946
489
59
953
237
98
798
113
505
491
314
226
506
636
802
704
422
646
553
741
474
223
40
44
729
615
423
739
291
350
123
237
839
183
542
77
281
693
190
786
184
504
364
690
492
166
746
914
164
299
8
990
875
48
34
956
15
809
696
658
160
819
896
999
354
790
76
987
483
266
125
19
123
489
709
615
655
455
882
172
107
890
162
334
290
549
290
306
358
986
964
518
158
212
518
512
355
946
852
838
565
977
858
688
467
919
655
474
727
889
646
186
779
161
520
422
710
162
728
68
501
44
939
659
609
809
523
964
755
375
154
320
353
364
360
820
284
368
646
363
257
645
549
389
806
421
811
516
583
891
936
84
935
875
743
544
36
619
860
144
994
15
464
699
379
177
871
15
545
518
378
154
163
927
543
969
348
354
837
284
245
125
368
533
353
112
429
389
731
290
533
77
657
350
777
388
527
648
404
424
518
134
930
681
414
826
2
114
180
191
398
778
317
767
663
670
879
92
59
962
734
945
391
391
295
168
780
174
169
184
950
687
670
880
721
84
706
75
199
239
267
597
369
584
364
384
254
595
476
665
557
211
610
301
954
905
821
734
431
990
270
381
30
941
614
103
25
672
178
224
263
445
822
632
381
186
16
635
134
845
653
43
408
263
344
362
521
166
449
952
508
719
686
538
12
300
993
38
972
172
614
236
969
788
220
351
327
589
338
461
434
991
504
194
255
849
556
776
367
5
80
875
77
766
414
89
66
759
479
391
931
446
979
253
234
199
604
561
788
942
374
574
286
879
768
541
80
677
669
447
682
101
322
111
868
88
201
286
848
32
677
131
478
656
384
65
208
340
626
348
635
1
923
921
232
43
814
664
720
483
111
755
584
785
866
804
226
419
91
426
452
120
909
282
777
294
347
337
986
974
685
621
327
960
542
911
4
356
575
724
191
38
479
776
175
698
932
753
117
23
531
921
144
441
204
273
87
551
610
73
877
647
47
556
608
589
467
964
946
394
40
137
784
872
265
312
570
550
65
687
573
949
609
69
390
813
694
829
716
304
254
594
304
301
502
264
891
970
228
189
716
268
678
501
140
296
813
710
846
230
750
771
179
711
841
921
876
535
102
592
192
357
538
848
10
41
112
253
363
340
794
79
608
473
932
101
121
97
811
319
328
913
90
859
624
283
133
500
171
235
93
363
944
983
211
955
24
675
560
387
15
355
819
975
180
751
76
301
201
240
972
881
153
62
740
130
346
225
630
517
461
75
232
757
411
795
64
435
470
625
175
837
980
994
812
512
97
241
165
298
481
137
179
986
551
272
468
249
497
99
766
958
526
350
68
937
497
132
725
319
757
900
156
89
246
321
601
343
562
118
642
395
255
173
733
159
445
202
408
943
653
527
253
531
877
321
469
727
454
194
46
563
446
203
653
692
876
606
35
790
77
29
537
684
555
270
843
352
824
252
647
477
779
901
9
8
574
830
735
380
376
782
944
822
337
949
866
565
907
253
355
984
283
892
21
190
514
864
542
339
116
190
168
247
443
177
256
17
359
991
750
735
125
46
909
814
995
775
379
254
29
734
591
664
978
612
206
493
476
748
832
945
290
0
192
733
530
800
103
889
144
853
977
269
899
886
436
246
14
815
852
395
902
443
59
232
407
265
725
236
365
909
533
656
910
77
389
792
878
844
33
22
697
10
643
948
249
431
546
615
247
399
10
501
194
421
733
602
38
459
190
403
720
723
411
630
800
801
774
678
997
808
52
695
170
48
995
419
479
542
34
78
293
44
579
487
817
665
441
855
476
631
259
196
354
670
179
507
823
953
185
821
113
590
868
284
638
863
55
469
757
442
548
50
838
479
890
656
144
683
511
972
315
122
169
21
793
700
880
968
653
418
141
119
8
9
755
998
225
810
467
334
252
367
737
91
847
627
99
343
310
610
316
977
733
837
351
878
537
231
846
542
649
340
661
9
701
416
7
278
579
827
613
831
194
350
274
393
329
373
737
991
336
405
321
69
242
672
299
779
255
497
321
257
837
335
266
539
103
274
817
682
453
430
514
647
132
140
393
813
866
482
805
202
887
126
271
129
150
922
260
405
419
933
662
257
268
281
148
372
907
965
54
360
748
920
359
232
413
752
46
279
234
851
481
121
329
104
602
831
26
214
588
445
148
251
54
416
884
202
140
791
168
195
151
268
467
510
500
880
615
546
511
849
749
992
323
78
448
277
909
474
492
850
272
640
453
326
408
337
529
549
128
49
96
279
317
915
141
169
796
756
716
307
958
817
652
633
248
100
910
509
927
402
359
199
394
812
877
803
149
758
704
277
807
800
908
476
715
402
646
863
158
714
523
468
531
527
101
779
627
12
641
554
766
0
105
161
813
983
316
314
741
20
592
901
172
852
377
887
254
375
103
765
89
978
233
973
505
687
104
132
51
745
39
817
746
496
330
911
831
646
225
925
666
817
826
838
22
555
78
628
931
533
393
372
511
979
345
16
18
450
500
69
195
891
886
941
740
217
852
571
863
430
496
882
247
674
72
621
582
150
250
513
683
995
885
546
974
583
914
992
33
767
61
580
658
300
874
398
517
78
322
732
508
170
966
108
197
39
729
779
541
979
292
577
975
529
123
301
464
38
646
497
805
59
78
815
711
952
566
580
30
240
313
891
410
631
999
607
670
728
738
212
60
382
789
387
264
264
688
728
654
686
226
811
98
656
627
809
960
545
390
342
785
55
233
547
686
232
507
709
961
245
921
21
628
62
408
892
678
448
620
333
487
198
144
585
854
123
746
166
20
136
509
805
543
742
705
230
327
212
939
288
457
212
661
437
626
421
329
304
221
302
989
708
500
486
645
707
961
392
225
982
880
734
139
424
829
844
6
156
408
297
796
866
509
809
655
487
582
337
791
803
639
133
864
491
619
509
550
580
253
776
562
134
862
54
910
691
898
916
199
307
213
347
525
722
156
532
561
738
869
352
894
860
485
758
352
456
619
254
37
225
382
951
359
245
357
269
288
608
185
840
915
750
187
792
472
344
324
33
434
546
737
328
406
575
438
110
31
410
717
420
635
99
724
994
696
81
615
985
689
152
825
956
902
12
100
726
708
777
111
143
323
200
823
729
775
262
192
159
672
909
931
307
8
655
653
705
89
620
42
130
772
219
87
674
583
187
752
644
316
863
787
639
63
962
721
191
224
913
702
248
822
633
907
830
641
560
887
730
180
281
860
304
852
299
330
436
839
82
80
155
297
219
795
713
181
516
904
758
429
606
358
603
591
266
433
232
178
673
962
711
954
175
15
807
474
346
595
665
780
27
821
430
598
968
143
131
484
399
241
265
5
600
868
596
866
653
181
44
678
495
755
633
670
123
792
497
821
739
162
601
766
335
383
364
303
526
847
139
925
89
404
282
689
624
231
907
630
412
951
308
907
59
293
930
182
437
427
3
176
941
956
942
277
340
658
932
218
858
72
144
947
828
778
988
453
9
895
435
773
198
95
33
257
389
963
791
826
742
146
3
35
103
297
664
795
308
597
13
166
669
509
113
497
288
101
302
649
348
89
775
546
185
808
156
926
123
947
752
865
94
107
900
549
405
565
344
65
514
709
231
183
219
696
32
859
149
687
860
497
776
635
395
313
795
551
239
918
851
344
135
297
451
36
846
208
953
542
273
467
251
504
2
822
200
386
681
349
73
894
198
202
881
594
515
677
145
755
947
348
99
83
645
902
471
843
111
776
737
384
243
989
241
597
811
793
983
845
143
409
739
341
611
620
287
126
649
785
233
597
133
684
32
131
587
503
326
50
631
64
786
874
405
27
823
216
821
806
413
316
215
504
9
178
477
297
305
126
82
890
75
215
575
459
698
514
314
25
564
945
89
350
171
494
730
994
62
551
153
828
219
368
332
228
547
809
525
204
288
607
446
715
175
21
175
225
887
489
250
803
435
691
506
958
537
236
953
952
139
106
780
358
826
464
586
725
274
112
281
914
71
728
629
598
101
804
824
989
646
74
792
433
118
298
391
655
886
696
607
25
802
739
383
981
204
970
706
478
434
988
744
505
68
373
104
169
530
280
510
176
706
655
609
824
305
352
832
192
49
439
217
203
179
953
184
383
275
243
213
709
231
957
566
651
682
670
820
212
302
683
740
9
338
701
833
643
54
665
187
455
457
757
658
636
710
843
371
985
86
936
46
669
245
612
320
927
635
492
492
937
175
232
946
865
934
132
861
988
797
48
443
254
805
453
242
867
296
965
852
734
253
250
755
498
863
427
778
498
920
270
787
447
502
734
665
436
866
526
776
15
926
571
622
732
25
216
599
673
534
804
408
787
54
163
286
269
943
416
767
215
686
907
662
188
641
679
977
859
205
753
226
132
677
848
216
702
417
167
375
951
971
135
738
378
651
376
647
594
792
767
809
478
674
823
19
667
855
996
526
60
749
104
544
426
953
112
480
370
280
208
321
603
695
411
981
346
140
981
292
932
100
453
763
774
629
782
441
484
778
319
896
879
423
793
658
728
905
490
450
185
698
123
789
394
535
122
92
675
455
737
959
555
542
722
329
171
856
122
7
634
793
904
866
569
697
876
297
602
366
748
140
65
871
281
811
758
755
903
785
211
992
745
766
535
819
448
706
676
570
714
662
716
970
528
285
19
404
582
621
771
682
113
188
906
394
999
664
150
254
450
713
247
547
479
782
366
927
840
394
850
554
57
566
876
937
203
895
342
785
869
465
820
982
653
726
729
4
390
231
258
192
944
505
91
423
287
810
703
128
204
905
34
261
823
263
551
26
158
245
163
27
710
983
362
715
709
91
71
452
322
329
644
618
835
88
41
474
898
96
954
102
353
341
716
176
604
267
554
114
512
718
142
574
701
856
641
411
947
712
215
621
41
211
239
228
299
632
55
197
81
9
652
434
350
368
963
306
987
517
421
499
235
915
425
289
771
66
52
70
778
267
43
819
478
634
400
778
618
455
327
699
464
979
486
167
699
801
825
686
318
246
537
906
513
314
547
636
380
599
706
158
866
101
330
696
735
730
826
354
537
154
405
1
485
891
520
185
44
346
223
363
944
113
621
810
427
168
446
808
767
505
318
985
606
648
681
694
730
860
48
267
14
805
621
499
49
493
36
93
839
260
808
136
373
429
946
800
597
744
960
716
249
279
53
856
279
87
902
362
947
302
981
961
107
602
812
156
96
849
602
287
109
410
775
834
192
73
986
789
818
947
858
67
578
911
275
857
998
177
571
945
479
553
258
939
155
71
447
603
920
49
243
381
812
18
567
4
444
553
145
262
500
3
681
430
267
957
288
617
486
859
915
318
764
173
257
920
596
56
875
868
458
470
601
270
841
168
626
285
722
771
547
574
127
228
5
746
537
645
363
24
856
630
694
621
156
303
893
752
359
120
621
817
591
222
439
432
391
65
717
465
189
616
39
668
196
396
414
734
393
129
110
250
760
804
223
916
107
116
20
818
236
641
988
827
216
427
611
959
845
328
424
34
296
815
54
493
564
468
579
957
949
41
207
709
197
430
977
656
898
998
474
487
991
462
314
559
242
278
518
87
958
294
473
255
110
527
100
674
347
31
983
296
72
191
358
269
973
335
277
224
685
751
711
29
566
377
588
808
655
107
247
614
401
720
221
863
599
321
889
946
352
873
594
776
416
952
397
741
640
674
965
325
777
28
354
343
406
943
503
61
402
750
27
155
822
248
19
773
569
260
719
273
133
666
401
901
618
798
995
258
824
960
936
602
341
642
297
747
937
153
808
339
255
836
495
430
436
866
203
6
126
275
631
612
941
385
513
559
535
508
170
360
821
106
314
162
748
963
261
686
116
69
377
372
257
872
802
694
738
357
52
217
632
35
829
573
420
694
485
956
555
655
668
376
113
982
890
861
945
151
899
414
572
277
786
182
149
940
228
240
297
632
809
282
19
638
855
792
332
692
100
887
699
768
615
812
102
857
674
399
360
925
813
933
202
951
467
704
243
47
296
893
679
105
175
698
743
382
490
427
75
590
667
774
710
634
587
812
492
613
564
852
538
