57
274
844
806
488
20
528
325
362
809
293
271
756
752
915
309
68
161
328
279
365
844
241
525
152
747
196
12
949
694
384
359
320
229
165
160
249
45
838
611
206
483
235
962
235
502
623
304
663
951
935
381
147
176
906
299
275
455
663
225
501
47
936
173
276
453
334
526
850
524
489
56
7
724
18
595
227
641
899
242
592
186
623
739
363
882
390
638
689
53
215
190
100
503
363
729
956
49
255
158
573
96
214
581
173
232
176
752
225
427
994
169
613
970
908
328
852
298
319
541
703
886
83
156
390
798
885
698
848
140
857
773
588
71
354
761
656
882
513
233
661
508
403
627
478
311
955
682
962
626
575
17
513
658
173
255
808
58
953
656
550
162
782
139
586
488
900
594
371
766
827
384
274
230
11
104
894
319
786
208
945
713
225
810
371
399
417
179
809
723
188
360
885
970
499
471
458
751
417
181
517
245
566
143
827
929
247
721
600
385
281
546
98
507
708
821
258
126
353
67
849
893
427
86
863
278
910
673
30
327
207
899
572
125
43
400
406
290
473
7
28
755
905
478
614
613
300
872
91
5
939
292
898
719
379
113
997
289
138
379
968
345
279
541
470
322
293
877
964
118
236
992
873
141
823
487
754
475
711
198
480
651
490
378
370
869
843
719
510
981
99
479
327
378
372
149
700
17
378
664
135
614
9
361
755
832
200
862
659
912
60
139
915
902
869
285
124
712
4
634
693
455
465
372
833
189
522
533
206
252
550
342
867
911
55
974
743
255
188
402
167
248
893
82
151
762
719
627
826
76
261
519
531
79
244
365
268
766
250
827
370
800
169
237
711
576
564
806
831
752
560
351
353
805
433
856
919
505
483
745
581
96
617
464
175
861
181
796
979
432
623
349
584
144
939
648
720
503
806
551
607
719
254
960
524
688
816
444
545
299
541
478
748
158
942
923
19
124
719
998
908
694
700
492
838
639
492
558
494
299
462
101
370
716
414
894
756
230
690
301
882
584
131
630
742
74
905
114
550
977
464
458
671
164
302
510
155
795
420
649
446
882
751
816
951
165
62
707
747
753
361
981
337
492
963
431
918
869
897
468
846
362
278
517
878
933
379
34
728
800
683
526
682
786
342
633
303
756
693
51
509
406
384
198
898
348
982
169
217
879
989
415
