929
412
990
55
781
229
28
390
970
525
601
38
293
340
547
791
95
273
715
998
838
263
26
976
134
737
164
56
203
625
168
485
37
510
892
170
92
920
912
62
445
514
100
739
206
647
882
301
272
597
652
110
860
30
438
346
767
954
402
971
579
923
808
968
433
700
491
525
621
403
939
418
269
391
509
475
390
392
777
662
341
781
124
202
811
563
900
930
869
655
253
801
578
61
121
363
762
612
241
383
368
180
153
637
572
663
113
962
55
242
977
396
23
101
950
186
16
203
116
238
858
370
39
788
431
160
151
193
125
392
928
493
925
82
130
849
745
595
163
152
189
140
900
564
594
851
750
610
54
867
848
264
237
239
52
20
400
203
214
525
948
494
370
225
928
852
74
673
448
237
177
989
730
78
554
324
281
304
286
687
171
135
951
760
374
3
781
126
558
347
3
506
841
373
731
770
226
157
795
26
747
973
15
477
403
921
801
684
226
87
371
749
574
322
510
301
677
291
427
235
990
783
94
831
156
177
953
734
335
749
112
82
74
480
559
477
401
712
513
979
151
236
729
726
910
239
379
587
882
158
174
872
941
268
55
450