335
150
849
894
999
456
22
350
121
336
410
336
838
419
707
621
22
312
0
799
855
49
731
786
93
336
693
923
345
42
163
32
193
12
927
544
820
949
246
941
285
656
629
475
76
336
97
450
649
449
601
504
850
333
642
943
21
336
866
718
378
382
751
923
746
678
467
567
979
714
860
264
722
490
739
150
826
188
601
475
637
202
332
840
887
974
783
260
310
2
979
41
384
730
964
130
760
784
697
739
498
910
355
572
400
446
723
226
635
324
702
624
878
34
464
118
360
248
378
671
250
357
712
986
439
28
116
199
812
166
290
662
76
645
235
476
92
958
54
79
634
108
703
512
494
520
630
855
768
9
878
370
718
590
708
158
618
824
357
783
342
0
445
770
645
680
598
89
638
653
168
624
113
872
489
608
744
119
815
512
480
693
234
551
635
942
709
605
118
418
388
813
418
834
583
416
514
534
505
505
539
674
129
652
898
618
612
642
90
779
506
922
472
740
825
459
34
534
65
504
305
453
317
723
639
253
139
154
139
645
11
678
671
492
682
569
463
647
563
905
426
69
179
251
161
5
710
195
539
127
699
196
933
369
920
572
974
411
78
113
408
89
143
79
934
825
0
397
824
563
654
251
632
833
854
793
838
916
340
730
44
392
926
977
761
198
549
87
610
628
200
370
69
343
802
3
520
802
752
345
718
406
948
350
240
802
496
78
718
836
160
114
580
87
91
693
285
993
780
247
621
332
618
42
27
420
398
548
574
150
245
292
557
545
643
149
699
491
579
769
679
740
884
260
827
975
953
464
968
86
712
941
418
682
336
446
102
734
994
676
884
591
969
793
136
964
294
835
807
874
604
486
614
840
746
793
816
52
257
136
138
321
430
556
3
766
2
457
852
348
486
736
291
455
882
427
771
176
614
578
50
571
416
16
411
515
809
579
567
419
68
57
740
850
965
96
616
968
553
468
668
39
556
960
846
790
739
969
967
706
899
369
277
316
386
40
831
547
620
750
966
40
807
59
890
124
155
858
444
60
678
113
452
234
425
298
377
164
620
344
222
519
65
499
835
451
892
18
351
864
120
317
904
279
728
794
404
235
652
848
296
682
313
748
268
738
398
645
255
18
341
477
890
407
329
725
210
221
96
561
85
216
231
989
496
959
135
900
195
139
748
843
821
414
591
89
152
341
735
759
360
76
237
250
835
566
327
46
139
775
607
224
992
190
565
840
502
52
740
697
191
840
892
364
254
835
805
759
176
540
518
888
969
755
490
156
673
818
202
164
945
162
740
937
352
657
777
854
709
869
903
252
62
147
968
316
982
774
427
159
666
946
47
635
53
538
792
79
708
346
243
653
508
336
943
213
993
72
419
55
942
675
307
4
822
276
672
805
402
100
316
68
398
715
704
451
605
848
882
665
546
478
671
407
814
614
620
807
686
391
862
980
66
522
336
241
150
361
398
904
813
714
972
211
781
28
14
387
228
897
52
775
375
723
182
189
689
154
348
728
545
563
60
964
437
397
205
939
758
955
843
571
21
815
134
802
844
148
189
72
45
594
847
772
669
381
313
359
535
14
439
81
577
499
397
366
248
602
305
6
909
500
929
930
315
63
732
511
564
274
936
961
868
135
734
889
517
47
600
52
413
39
485
990
891
882
708
139
836
13
146
745
513
427
675
181
843
760
692
407
34
628
368
254
764
454
143
633
854
744
685
267
135
171
610
26
53
318
166
242
684
664
987
197
443
663
730
286
423
423
45
809
403
766
63
519
220
558
152
426
302
838
694
790
361
656
168
766
974
686
8
658
702
996
208
146
11
938
784
786
713
182
947
469
948
10
988
520
568
493
299
223
683
345
365
44
1
533
162
327
572
523
338
274
871
546
772
882
836
909
20
902
91
967
723
391
329
63
263
897
556
914
472
239
259
837
635
612
723
150
940
295
673
278
921
544
176
694
778
364
955
798
618
398
117
341
141
446
405
404
695
313
671
520
905
930
709
540
543
432
690
835
79
715
465
1
259
641
47
37
357
2
187
976
400
304
669
541
102
426
297
150
740
320
22
997
251
731
537
146
164
580
333
243
647
798
596
907
439
643
944
148
997
132
124
749
788
146
642
243
572
940
745
664
612
767
661
863
498
551
361
14
483
694
610
130
492
206
37
283
202
334
432
199
818
908
949
958
406
591
553
331
883
298
995
496
417
9
711
268
912
425
282
395
119
244
877
964
451
267
599
5
953
31
204
771
292
505
81
698
97
635
381
332
285
377
828
55
738
892
323
650
317
957
397
788
202
274
104
5
541
704
10
494
87
214
617
379
720
699
430
169
686
811
